0.0 1.0
0.0025 0.9977729393309033
0.005 0.9946638930086588
0.0075 0.9906794878093071
0.01 0.9858263953338463
0.0125 0.980109580570765
0.015 0.9735445776089723
0.0175 0.9661297773983397
0.02 0.9578866488082391
0.0225 0.9488161193137177
0.025 0.9389282287534199
0.0275 0.9282470288589735
0.03 0.916772555841467
0.0325 0.9045219638136012
0.035 0.8915035815230832
0.0375 0.8777477918886989
0.04 0.8632534583008824
0.0425 0.8480352415593316
0.045 0.8321279358160025
0.0475 0.8155295454583863
0.05 0.7982564931275595
0.0525 0.7803476592805453
0.055 0.7618002143962571
0.0575 0.74263219300572
0.06 0.722886207766478
0.0625 0.7025586267366171
0.065 0.681677395643146
0.0675 0.6602544280108664
0.07 0.6383278472360916
0.0725 0.6159196214232197
0.075 0.5930335371564169
0.0775 0.5697005326179155
0.08 0.5459429954395683
0.0825 0.5217738706826955
0.085 0.4972354570324614
0.08750000000000001 0.4723413888515166
0.09 0.44712527339573
0.0925 0.4215905876983699
0.095 0.3957712138204499
0.0975 0.36968069592727903
0.1 0.3433640779364168
0.10250000000000001 0.3168352747350239
0.105 0.2901294061195153
0.1075 0.2632495699231296
0.11 0.23623095433860652
0.1125 0.2090872603694692
0.115 0.1818647903599715
0.11750000000000001 0.15457729245233898
0.12 0.12726025306336175
0.1225 0.09991630061517702
0.125 0.07258078571882694
0.1275 0.04527803965942023
0.13 0.018032277776074572
0.1325 -0.00913242170539795
0.135 -0.03620293835023502
0.1375 -0.06313387522261539
0.14 -0.08991253692199015
0.14250000000000002 -0.1165156012194443
0.145 -0.14290946653997794
0.1475 -0.1690924407402039
0.15 -0.1950313762005782
0.1525 -0.220704026197309
0.155 -0.2460884606306416
0.1575 -0.2711630844401436
0.16 -0.29590665565575186
0.1625 -0.32029830306979357
0.165 -0.344327074008035
0.1675 -0.3679536682753731
0.17 -0.39116811265143975
0.17250000000000001 -0.4139511878004794
0.17500000000000002 -0.43628412734033456
0.1775 -0.45813998318963556
0.18 -0.47951843725261134
0.1825 -0.5003933298390795
0.185 -0.520747852505612
0.1875 -0.540565720484676
0.19 -0.5598311853306549
0.1925 -0.578529047042819
0.195 -0.5966517935123179
0.1975 -0.6141708588862284
0.2 -0.6310801197159691
0.2025 -0.6473666804853101
0.20500000000000002 -0.6630182466005531
0.20750000000000002 -0.678023133205127
0.21 -0.692364667472265
0.2125 -0.7060438893314479
0.215 -0.7190451188214833
0.2175 -0.7313591863507738
0.22 -0.7429775674154505
0.2225 -0.7538923878966232
0.225 -0.7641003672654556
0.2275 -0.7735867804960247
0.23 -0.7823499548535043
0.2325 -0.7903846590004299
0.23500000000000001 -0.7976863294608039
0.23750000000000002 -0.8042510723060914
0.24 -0.8100734827351603
0.2425 -0.8151556690714754
0.245 -0.8194932717372343
0.2475 -0.8230850795525682
0.25 -0.8259305503066671
0.2525 -0.828029808856036
0.255 -0.8293836446352741
0.2575 -0.829993508584045
0.26 -0.8298615094957871
0.2625 -0.828990409793073
0.265 -0.8273836207355174
0.2675 -0.8250451970665252
0.27 -0.8219784602019692
0.2725 -0.8181911878912307
0.275 -0.8136882468005254
0.2775 -0.8084762013446173
0.28 -0.8025622244883799
0.28250000000000003 -0.7959540891847441
0.28500000000000003 -0.7886601593084639
0.28750000000000003 -0.7806893800955735
0.29 -0.7720548554324222
0.2925 -0.762759748817225
0.295 -0.7528180095805841
0.2975 -0.7422408030671871
0.3 -0.7310398211439944
0.3025 -0.7192272699033853
0.305 -0.706815856951864
0.3075 -0.6938187782971346
0.31 -0.6802497048466631
0.3125 -0.6661227685311406
0.315 -0.6514525480665558
0.3175 -0.6362540543688519
0.32 -0.6205427156354052
0.3225 -0.604334362107808
0.325 -0.5876452105306723
0.3275 -0.5704848963460339
0.33 -0.5528840900185892
0.3325 -0.5348533022144755
0.335 -0.5164101348510004
0.3375 -0.4975724946055824
0.34 -0.4783585758708635
0.3425 -0.45878684351417487
0.34500000000000003 -0.4388760154574168
0.34750000000000003 -0.41864504509352873
0.35000000000000003 -0.398113103555783
0.3525 -0.3773079409706452
0.355 -0.35623245291164474
0.3575 -0.3349146264323551
0.36 -0.3133743238949992
0.3625 -0.29163153512160606
0.365 -0.26970635912471685
0.3675 -0.24761898580590563
0.37 -0.2253896776385463
0.3725 -0.20303875135121136
0.375 -0.1805865596280093
0.3775 -0.15805347284212704
0.38 -0.135459860838723
0.3825 -0.112826074783235
0.385 -0.09017242909105394
0.3875 -0.06751012493215777
0.39 -0.04487747872206598
0.3925 -0.02228552448761834
0.395 2.4574892837177925E-4
0.3975 0.02269647802313174
0.4 0.04504694188940769
0.4025 0.06727757928233903
0.405 0.08936900548320349
0.40750000000000003 0.11130202894572226
0.41000000000000003 0.13305766771085906
0.41250000000000003 0.15461716557632177
0.41500000000000004 0.17596200800722459
0.4175 0.19706554197253476
0.42 0.21792667842355617
0.4225 0.23851922780668866
0.425 0.2588257956047632
0.4275 0.2788293041793958
0.43 0.29851300686086063
0.4325 0.31786050169277363
0.435 0.3368557448205618
0.4375 0.35548306351306735
0.44 0.3737271688069854
0.4425 0.3915731677642032
0.445 0.4090065753325132
0.4475 0.42602004130146215
0.45 0.4425863205523371
0.4525 0.4586991078530186
0.455 0.4743456602396068
0.4575 0.4895136956853947
0.46 0.5041914024033232
0.4625 0.5183674476961949
0.465 0.5320309863483705
0.4675 0.5451716685531065
0.47000000000000003 0.5577796473701258
0.47250000000000003 0.5698455857084436
0.47500000000000003 0.5813606628299262
0.47750000000000004 0.5923165803694908
0.48 0.6027015265962341
0.4825 0.6125165775871703
0.485 0.62175076358949
0.4875 0.6303979259296922
0.49 0.6384524510448198
0.4925 0.6459092735419071
0.495 0.6527638787579921
0.4975 0.6590123048201915
0.5 0.6646511442057854
0.5025000000000001 0.6696794325015786
0.505 0.6740892104717221
0.5075000000000001 0.6778857956643692
0.51 0.6810619322167513
0.5125 0.6836211739770258
0.515 0.6855620498355519
0.5175 0.6868850345976675
0.52 0.6875911520395204
0.5225 0.6876819720385683
0.525 0.6871596072276227
0.5275 0.6860267091771194
0.53 0.6842864641106997
0.5325 0.6819425881595822
0.535 0.6789993221616023
0.5375 0.6754614260111743
0.54 0.6713324045011158
0.5425 0.6666233411232293
0.545 0.6613329805841232
0.5475 0.6554765514420043
0.55 0.6490519388205694
0.5525 0.6420771452785231
0.555 0.6345492099986313
0.5575 0.6264888257496952
0.56 0.6178922023279921
0.5625 0.6087826299475775
0.5650000000000001 0.5991555084055201
0.5675 0.5890366240157452
0.5700000000000001 0.5784205887070955
0.5725 0.5673355753890603
0.5750000000000001 0.5557754328986788
0.5775 0.5437706035254268
0.58 0.5313192675785465
0.5825 0.5184388105251928
0.585 0.5051422412491934
0.5875 0.49144289309546485
0.59 0.47735441083063346
0.5925 0.4628907373726074
0.595 0.44806610030174343
0.5975 0.4328888623651356
0.6 0.41739218659590155
0.6025 0.40156627508147213
0.605 0.38545165850443164
0.6075 0.36903799325780157
0.61 0.3523671640909816
0.6125 0.3354283223853948
0.615 0.3182645483087507
0.6175 0.3008645304207773
0.62 0.2832723825352824
0.6225 0.2654763739264749
0.625 0.24752148775610028
0.6275000000000001 0.22939561873083184
0.63 0.21114445313873853
0.6325000000000001 0.1927555568512402
0.635 0.1742751517427092
0.6375000000000001 0.15569052142597906
0.64 0.13704825510873017
0.6425 0.11834289242289704
0.645 0.0995987484621038
0.6475 0.080832666233836
0.65 0.062061448250617865
0.6525 0.043301841700008115
0.655 0.024563039066324396
0.6575 0.0058840867699835
0.66 -0.012748411378207914
0.6625 -0.03128828423842333
0.665 -0.04974894670381465
0.6675 -0.06808477173114964
0.67 -0.08630914505899165
0.6725 -0.10437714219295686
0.675 -0.12230207230282235
0.6775 -0.14003986826811776
0.68 -0.15760371588551006
0.6825 -0.17495055608132154
0.685 -0.1920934052468219
0.6875 -0.2089903583693409
0.6900000000000001 -0.2256542173327789
0.6925 -0.24204437205469784
0.6950000000000001 -0.2581733658938127
0.6975 -0.2740020189576177
0.7000000000000001 -0.28954257329485733
0.7025 -0.3047574084118535
0.705 -0.319652532415497
0.7075 -0.33420968062311607
0.71 -0.34841708463192317
0.7125 -0.3622633296856282
0.715 -0.375737363586477
0.7175 -0.3888336637127965
0.72 -0.40152645291296657
0.7225 -0.41382612793619517
0.725 -0.4257035022931802
0.7275 -0.4371684642442922
0.73 -0.44819397191906235
0.7325 -0.45878937352922966
0.735 -0.468929852764402
0.7375 -0.47862418837381354
0.74 -0.48784986205454894
0.7425 -0.4966150559147639
0.745 -0.5048996134152857
0.7475 -0.5127110951606957
0.75 -0.5200317612757347
0.7525000000000001 -0.5268685283869583
0.755 -0.5332061191948134
0.7575000000000001 -0.5390507863243836
0.76 -0.5443897518758721
0.7625000000000001 -0.5492285869542405
0.765 -0.5535570407294294
0.7675000000000001 -0.5573799878169233
0.77 -0.5606897229390274
0.7725 -0.5634893944120843
0.775 -0.5657777165666883
0.7775 -0.5675520392042351
0.78 -0.5688154472465754
0.7825 -0.5695666199515258
0.785 -0.569807913856044
0.7875 -0.5695405463978249
0.79 -0.5687661425294238
0.7925 -0.5674884354719424
0.795 -0.5657083180195143
0.7975 -0.563432007989317
0.8 -0.5606596680518885
0.8025 -0.5573999608158146
0.805 -0.5536523234458997
0.8075 -0.5494278151230779
0.81 -0.5447251546725079
0.8125 -0.5395577414454521
0.8150000000000001 -0.5339235855981046
0.8175 -0.5278383623259773
0.8200000000000001 -0.5212993852393442
0.8225 -0.5143245334130785
0.8250000000000001 -0.5069104384263546
0.8275 -0.4990771039401026
0.8300000000000001 -0.490820496340335
0.8325 -0.48216265758657406
0.835 -0.47310261051563973
0.8375 -0.4636493784339958
0.84 -0.45382433963529184
0.8425 -0.44362188572424976
0.845 -0.4330687342759586
0.8475 -0.4221586877594732
0.85 -0.41092015030017387
0.8525 -0.3993463614731811
0.855 -0.3874672988985122
0.8575 -0.37527566731488887
0.86 -0.3628028999880406
0.8625 -0.35004119658088545
0.865 -0.33702332381604694
0.8675 -0.3237410076263015
0.87 -0.3102282221280501
0.8725 -0.29647625233184866
0.875 -0.2825201502865251
0.8775000000000001 -0.2683507942234743
0.88 -0.2540041817491287
0.8825000000000001 -0.23947081966294775
0.885 -0.22478751633235275
0.8875000000000001 -0.20994444354193573
0.89 -0.19497908369849462
0.8925000000000001 -0.17988131092149032
0.895 -0.1646830447654769
0.8975 -0.14939832905261005
0.9 -0.13402272205532648
0.9025 -0.11859478500539213
0.905 -0.10310381612143477
0.9075 -0.08758856421867571
0.91 -0.07203816589009925
0.9125 -0.056491418344755004
0.915 -0.040937336348480693
0.9175 -0.025414627133026724
0.92 -0.009912223585742319
0.9225 0.005531394105097877
0.925 0.02092733497501694
0.9275 0.03623748116209481
0.93 0.05147294380434253
0.9325 0.06659610039718253
0.935 0.08161802463666747
0.9375 0.09650171969740894
0.9400000000000001 0.11125818270371406
0.9425 0.1258511696777314
0.9450000000000001 0.1402915625931547
0.9475 0.1545439939045461
0.9500000000000001 0.16861919254035945
0.9525 0.1824882929852832
0.9550000000000001 0.19614531601067586
0.9575 0.20957884656873013
0.96 0.22277247831708386
0.9625 0.23573097855287742
0.965 0.24842295922707897
0.9675 0.2608583280710467
0.97 0.27300707456753437
0.9725 0.2848787947340277
0.975 0.29644495254736986
0.9775 0.30771480039054727
0.98 0.3186613677609509
0.9825 0.3292935329361628
0.985 0.3395859757431413
0.9875 0.349547171430967
0.99 0.3591535284902786
0.9925 0.3684130918582478
0.995 0.3773040703157995
0.9975 0.3858340529298739
1.0 0.3939831134836995
1.0025 0.4017553293541427
1.0050000000000001 0.4091446698345915
1.0075 0.41613729725774123
1.01 0.42273700112789747
1.0125 0.42893643415373933
1.0150000000000001 0.4347337350102269
1.0175 0.440120543592064
1.02 0.4450940057032851
1.0225 0.44965513538181323
1.025 0.453799272455956
1.0275 0.4575256161262234
1.03 0.460828123667562
1.0325 0.4637095691511873
1.035 0.46616748491499016
1.0375 0.4682019189302815
1.04 0.46981038543626624
1.0425 0.4709951493858964
1.045 0.47175593948780414
1.0475 0.4720936397653793
1.05 0.47200930618601233
1.0525 0.47150466971758304
1.055 0.47058162812925697
1.0575 0.46924187711360155
1.06 0.467489949169576
1.0625 0.46532702433101053
1.065 0.46275711177508033
1.0675000000000001 0.4597826833273358
1.07 0.45641163449345235
1.0725 0.4526445854698757
1.075 0.4484875700941122
1.0775000000000001 0.4439437902968585
1.08 0.4390223013303621
1.0825 0.43372929381067327
1.085 0.4280665809317998
1.0875000000000001 0.4220400827118978
1.09 0.4156612773650228
1.0925 0.4089375353502607
1.095 0.40187070725703533
1.0975 0.39447092631332015
1.1 0.38674282021148887
1.1025 0.37870389459997394
1.105 0.37035298521512616
1.1075 0.3617017893463794
1.11 0.3527554532532339
1.1125 0.3435338885251842
1.115 0.33403542113035484
1.1175 0.32427312451597473
1.12 0.3142525832447311
1.1225 0.3039957986278754
1.125 0.293500617812416
1.1275 0.2827812856685519
1.1300000000000001 0.2718437397271356
1.1325 0.2607072358528826
1.135 0.24938266114927246
1.1375 0.2378717319969232
1.1400000000000001 0.22618514359824815
1.1425 0.2143432655155641
1.145 0.2023574065908406
1.1475 0.1902291871212817
1.1500000000000001 0.17796974796985934
1.1525 0.1656002680183392
1.155 0.15313231164964838
1.1575 0.14056738148523365
1.16 0.12792197261633448
1.1625 0.11520254354325209
1.165 0.10243596490364287
1.1675 0.08961852929951787
1.17 0.0767669207200409
1.1725 0.06388756166453446
1.175 0.05100746415155614
1.1775 0.038122692881712814
1.18 0.02524988169599356
1.1825 0.012395326614039678
1.185 -4.1420365688547714E-4
1.1875 -0.013182813332499987
1.19 -0.0258941536649621
1.1925000000000001 -0.0385421425177754
1.195 -0.05110563834586356
1.1975 -0.06357382955288512
1.2 -0.07594590424450282
1.2025000000000001 -0.08821106923864859
1.205 -0.10034898503855623
1.2075 -0.11234942342148845
1.21 -0.12421176602524257
1.2125000000000001 -0.13592577316993248
1.215 -0.1474721841860641
1.2175 -0.1588414908559349
1.22 -0.17003327436489635
1.2225 -0.18103362513805904
1.225 -0.19183770074614348
1.2275 -0.2024237556254928
1.23 -0.21279593422669874
1.2325 -0.22294149202019503
1.235 -0.23285611143501983
1.2375 -0.24252004868884852
1.24 -0.25193730223072913
1.2425 -0.2610964566065494
1.245 -0.26999377282722564
1.2475 -0.2786117602138762
1.25 -0.2869542166377655
1.2525 -0.295011198594353
1.2550000000000001 -0.3027795904410418
1.2575 -0.31024729728676154
1.26 -0.3174090849223104
1.2625 -0.32426538232897184
1.2650000000000001 -0.33081080566176935
1.2675 -0.33703540555858574
1.27 -0.34293515322429136
1.2725 -0.3485106616959431
1.2750000000000001 -0.35375773244902275
1.2775 -0.3586686721732433
1.28 -0.36324069746683085
1.2825 -0.367474594126873
1.285 -0.37136590394928254
1.2875 -0.3749137296754678
1.29 -0.37811209205860624
1.2925 -0.3809634237416804
1.295 -0.38346507628974336
1.2975 -0.38561685699709813
1.3 -0.387415728626152
1.3025 -0.38886371023797855
1.305 -0.3899599750178389
1.3075 -0.39070502754955727
1.31 -0.39109886140534017
1.3125 -0.39114279682276826
1.315 -0.3908380769861702
1.3175000000000001 -0.3901857992287491
1.32 -0.389188304733432
1.3225 -0.3878481270243315
1.325 -0.3861666114091326
1.3275000000000001 -0.3841460643172
1.33 -0.3817911080751063
1.3325 -0.3791054363909041
1.335 -0.37609047618775027
1.3375000000000001 -0.37274969316532985
1.34 -0.36908989295196665
1.3425 -0.3651158606536248
1.345 -0.36082908343566783
1.3475 -0.35623601854990244
1.35 -0.35133983406702957
1.3525 -0.3461520166922669
1.355 -0.34067219408499805
1.3575 -0.33490830087296275
1.36 -0.3288640150675358
1.3625 -0.3225531263957305
1.365 -0.31597481492338
1.3675 -0.30913835928673045
1.37 -0.3020478880973396
1.3725 -0.2947162856501846
1.375 -0.2871512436559701
1.3775 -0.2793542929693385
1.3800000000000001 -0.2713329283439304
1.3825 -0.2631015011742677
1.385 -0.2546683584421965
1.3875 -0.24603499810106416
1.3900000000000001 -0.23720958489623137
1.3925 -0.2282077131919691
1.395 -0.21903825769277407
1.3975 -0.2097026626954441
1.4000000000000001 -0.20020963776156628
1.4025 -0.19057578166495603
1.405 -0.18081036361703456
1.4075 -0.1709147545573734
1.41 -0.16090210497857602
1.4125 -0.15077768695776975
1.415 -0.1405631089981018
1.4175 -0.13025562306658267
1.42 -0.1198688003315658
1.4225 -0.10940798501524615
1.425 -0.09889533088322376
1.4275 -0.08832783924396462
1.43 -0.07771930370809169
1.4325 -0.06707506390646763
1.435 -0.05641322945060795
1.4375 -0.045743400500657755
1.44 -0.03506659106487547
1.4425000000000001 -0.024392328423709333
1.445 -0.013738636523637873
1.4475 -0.0031149265940661297
1.45 0.00747792698679812
1.4525000000000001 0.018030561352896365
1.455 0.02852529235800423
1.4575 0.03895302835514647
1.46 0.04931304500319206
1.4625000000000001 0.0595962741647436
1.465 0.06978561721028886
1.4675 0.07987242634618913
1.47 0.08985613540218411
1.4725 0.09972417231167231
1.475 0.10947202674253179
1.4775 0.11907984212981815
1.48 0.1285511391999374
1.4825 0.137874105979199
1.485 0.14704459714808144
1.4875 0.15604766379763654
1.49 0.16487606700095364
1.4925 0.1735296139313461
1.495 0.18200101033512514
1.4975 0.19027659415620787
1.5 0.19834991091949655
1.5025 0.2062209359367203
1.5050000000000001 0.21388313700226758
1.5075 0.22132431421417506
1.51 0.2285388778647164
1.5125 0.23552696936890638
1.5150000000000001 0.24228290030378463
1.5175 0.24879608502150474
1.52 0.25506186550667365
1.5225 0.2610805449180849
1.5250000000000001 0.2668473472365673
1.5275 0.2723534281413896
1.53 0.27759511408562765
1.5325 0.28257286338272397
1.5350000000000001 0.2872828671388112
1.5375 0.2917181229609862
1.54 0.29587597985110514
1.5425 0.2997570425834625
1.545 0.30335712612127436
1.5475 0.3066752936142259
1.55 0.30970694455359044
1.5525 0.3124507367712333
1.555 0.31490744293533296
1.5575 0.31707555469646254
1.56 0.31895243825418074
1.5625 0.32053780457561265
1.565 0.3218325463672084
1.5675000000000001 0.32283619872227426
1.57 0.32354810396634465
1.5725 0.32396901535877504
1.575 0.32409993129442427
1.5775000000000001 0.32394142209543936
1.58 0.3234947875011051
1.5825 0.32276179760733503
1.585 0.32174354085375556
1.5875000000000001 0.32044160002759225
1.59 0.3188591861038449
1.5925 0.316999046514571
1.595 0.31486234304672645
1.5975000000000001 0.3124516341678613
1.6 0.3097719694886407
1.6025 0.30682702099093667
1.605 0.3036180063093047
1.6075 0.3001498480901667
1.61 0.2964250212082749
1.6125 0.29245073352161605
1.615 0.2882317197570813
1.6175 0.28376924194756975
1.62 0.27906785191951067
1.6225 0.274136344018877
1.625 0.26898021528647076
1.6275 0.26360074264431166
1.6300000000000001 0.2580032471038644
1.6325 0.2521979624041331
1.635 0.24619105920893214
1.6375 0.23998381102770427
1.6400000000000001 0.23358222176244578
1.6425 0.22699779914437232
1.645 0.2202372904840155
1.6475 0.21330194788447646
1.6500000000000001 0.20619836339310227
1.6525 0.19893913762956114
1.655 0.19153149078081694
1.6575 0.1839766361083701
1.6600000000000001 0.1762816520711862
1.6625 0.16846003815918445
1.665 0.16051937843799566
1.6675 0.15246083068983707
1.67 0.14429513929760537
1.6725 0.1360266385382313
1.675 0.12766966373121913
1.6775 0.11923209517076047
1.68 0.11071499947012181
1.6825 0.10212615191670611
1.685 0.09348031828512497
1.6875 0.08478548681653547
1.69 0.07604263525981123
1.6925000000000001 0.06725966536856873
1.695 0.05845155807603076
1.6975 0.0496262948675293
1.7 0.040784752035969596
1.7025000000000001 0.03193484406101651
1.705 0.023091551743578832
1.7075 0.014262736833060143
1.71 0.005449163190774831
1.7125000000000001 -0.003341354284723469
1.715 -0.012094047160154605
1.7175 -0.020801283103302246
1.72 -0.029462419911525185
1.7225000000000001 -0.038069851570764666
1.725 -0.04660922823164342
1.7275 -0.055076623447487365
1.73 -0.06346140926777918
1.7325 -0.07176310570583445
1.735 -0.07997451455415411
1.7375 -0.08808208543752953
1.74 -0.09607907605507379
1.7425 -0.10396514194305331
1.745 -0.11173352106782582
1.7475 -0.11937150919826459
1.75 -0.12687290955740038
1.7525 -0.13423751616227994
1.7550000000000001 -0.14145909276598648
1.7575 -0.14852594926402912
1.76 -0.15543251445703146
1.7625 -0.16217872179681095
1.7650000000000001 -0.16875894171598255
1.7675 -0.17516264946914603
1.77 -0.18138496948996718
1.7725 -0.1874259736300711
1.7750000000000001 -0.19328071015202963
1.7775 -0.19893995224690372
1.78 -0.20439957918794763
1.7825 -0.20965979824556974
1.7850000000000001 -0.2147163960504961
1.7875 -0.21956155603890382
1.79 -0.22419376985394923
1.7925 -0.22860794575478652
1.795 -0.23280445324364854
1.7975 -0.23678006974538188
1.8 -0.24052886647448135
1.8025 -0.24404857701156923
1.805 -0.2473396928580545
1.8075 -0.2503998238304961
1.81 -0.2532246237485404
1.8125 -0.2558126914354743
1.815 -0.2581646316981895
1.8175000000000001 -0.2602789088005765
1.82 -0.2621527982930696
1.8225 -0.2637857718197416
1.825 -0.26517853731735613
1.8275000000000001 -0.26633042313472477
1.83 -0.2672403421482212
1.8325 -0.2679086339278451
1.835 -0.2683360980478821
1.8375000000000001 -0.2685229242012184
1.84 -0.2684696547676635
1.8425 -0.26817748012156145
1.845 -0.2676472788471269
1.8475000000000001 -0.26688008707644817
1.85 -0.26587804589559
1.8525 -0.2646426269773892
1.855 -0.26317639606878007
1.8575 -0.2614803113458835
1.86 -0.25955642813291674
1.8625 -0.2574088088482459
1.865 -0.2550404353463053
1.8675 -0.25245231327720175
1.87 -0.24964726864165257
1.8725 -0.24663081370770984
1.875 -0.24340664715536822
1.8775 -0.23997580718801412
1.8800000000000001 -0.2363418395147273
1.8825 -0.23251160759450326
1.885 -0.2284894643650959
1.8875 -0.2242764654129145
1.8900000000000001 -0.21987681571388878
1.8925 -0.21529861351591068
1.895 -0.21054679506510954
1.8975 -0.2056224181295647
1.9000000000000001 -0.2005302780278432
1.9025 -0.19527957555214537
1.905 -0.18987355930512304
1.9075 -0.18431985245469698
1.9100000000000001 -0.17861718611712246
1.9125 -0.17277791038499013
1.915 -0.1668054726263064
1.9175 -0.16070813479992166
1.92 -0.1544869052989252
1.9225 -0.14814761937735305
1.925 -0.1417014075160768
1.9275 -0.13515453235246047
1.93 -0.1285079574068049
1.9325 -0.12176783951896245
1.935 -0.1149458989289959
1.9375 -0.10804861414912581
1.94 -0.10107689081288276
1.9425000000000001 -0.09403711555883637
1.945 -0.08694142397708814
1.9475 -0.07979641560981003
1.95 -0.07260292619447954
1.9525000000000001 -0.0653674784275839
1.955 -0.05810244542956948
1.9575 -0.050814452558296794
1.96 -0.04350425480647355
1.9625000000000001 -0.03617841658977699
1.965 -0.028849369896368143
1.9675 -0.021520741173412218
1.97 -0.014201986608682705
1.9725000000000001 -0.006890827254648556
1.975 3.974924983440899E-4
1.9775 0.007659474719627075
1.98 0.01488585711615632
1.9825000000000002 0.02207896657430816
1.985 0.029223881398728765
1.9875 0.03631727990850626
1.99 0.0433502221765901
1.9925 0.050322274111594074
1.995 0.057227369348798005
1.9975 0.06405408120330908
2.0 0.07079668946701874
2.0025 0.07745487115946507
2.005 0.08402028839141112
2.0075 0.09048742078465903
2.0100000000000002 0.09685337914757719
2.0125 0.10310776961249261
2.015 0.10924554076154551
2.0175 0.11526654138319224
2.02 0.12116335143448446
2.0225 0.12693115843475986
2.025 0.13256528202743448
2.0275 0.1380611776801014
2.0300000000000002 0.14341655244391
2.0325 0.14862286001682043
2.035 0.15367815435206764
2.0375 0.1585765399221724
2.04 0.16331812360569303
2.0425 0.16789725442494455
2.045 0.17231043062012688
2.0475 0.1765543108139038
2.05 0.18062571641746178
2.0525 0.18452315675286823
2.055 0.1882406677896948
2.0575 0.191775787839832
2.06 0.195128840532415
2.0625 0.19829604089698893
2.065 0.20127522890428945
2.0675 0.2040644197819841
2.07 0.20666180515869662
2.0725000000000002 0.20906667672375054
2.075 0.21127565811775822
2.0775 0.21328771008974384
2.08 0.21510334876942497
2.0825 0.21672081484358396
2.085 0.21813937332609448
2.0875 0.21935846911721377
2.09 0.22037772685698234
2.0925000000000002 0.22119723827744836
2.095 0.2218163311036827
2.0975 0.22223553448177896
2.1 0.2224551394060726
2.1025 0.22247583707837446
2.105 0.22229819086570257
2.1075 0.22192306619364083
2.11 0.22135150139495519
2.1125 0.22058470616780917
2.115 0.2196236370433861
2.1175 0.21847061033539228
2.12 0.21712756889481943
2.1225 0.21559531409422672
2.125 0.21387638368589681
2.1275 0.21197297508723703
2.13 0.20988744228838996
2.1325 0.2076222931961698
2.1350000000000002 0.2051791749717974
2.1375 0.2025628495575315
2.14 0.1997764766481244
2.1425 0.1968209197535319
2.145 0.19370049311564122
2.1475 0.19041856542378774
2.15 0.18697863728720276
2.1525 0.1833843376449747
2.1550000000000002 0.17963789248472578
2.1575 0.17574617350547772
2.16 0.17171170403448804
2.1625 0.16754028490455908
2.165 0.16323278957444243
2.1675 0.1587951779266217
2.17 0.15423186862552699
2.1725 0.14954737660432924
2.1750000000000003 0.14474436556982867
2.1775 0.13983137227987755
2.18 0.13481127661216702
2.1825 0.12969100301744135
2.185 0.12447138151879546
2.1875 0.11915943958818444
2.19 0.11376024034718624
2.1925 0.10827890663062392
2.195 0.10272061620822237
2.1975000000000002 0.09708833131724855
2.2 0.09139183093146049
2.2025 0.08563419065543933
2.205 0.07982309546605613
2.2075 0.07395927264554512
2.21 0.06805044231608347
2.2125 0.06210203087185427
2.215 0.05611948063625325
2.2175000000000002 0.050105835449510555
2.22 0.04407136559324029
2.2225 0.0380191326478344
2.225 0.031957021229084615
2.2275 0.025885626472278874
2.23 0.019812807366277864
2.2325 0.01374398107527262
2.235 0.007684541892556295
2.2375000000000003 0.001637442305317137
2.24 -0.004387145754511203
2.2425 -0.010386345987815421
2.245 -0.01635252182599504
2.2475 -0.022285239925664935
2.25 -0.02817694696879853
2.2525 -0.03402253848268427
2.255 -0.039816969290435975
2.2575 -0.045555257795855765
2.2600000000000002 -0.05123474822475883
2.2625 -0.05684605533089384
2.265 -0.06238669668822479
2.2675 -0.067849815978425
2.27 -0.07323518493826399
2.2725 -0.07853608766694174
2.275 -0.08374810113581357
2.2775 -0.08886689730255118
2.2800000000000002 -0.09389023511808095
2.2825 -0.09880996854936497
2.285 -0.1036241035627518
2.2875 -0.10832686682872732
2.29 -0.11291822097383852
2.2925 -0.11739257414131994
2.295 -0.12174635591040224
2.2975 -0.1259761160421037
2.3000000000000003 -0.13008014217863498
2.3025 -0.13405194931470946
2.305 -0.13789012985094887
2.3075 -0.14159028663238243
2.31 -0.14515256989391753
2.3125 -0.1485727936776046
2.315 -0.15184841633605137
2.3175 -0.1549770341512702
2.32 -0.15795638298514073
2.3225000000000002 -0.16078544042279957
2.325 -0.16345996294268914
2.3275 -0.16597927538551918
2.33 -0.16834077249177784
2.3325 -0.17054479868948322
2.335 -0.17258897816324004
2.3375 -0.1744720590066344
2.34 -0.1761929373472044
2.3425000000000002 -0.1777512481334383
2.345 -0.17914493840563256
2.3475 -0.18037400641870968
2.35 -0.18143755120817534
2.3525 -0.18233606456190904
2.355 -0.18306887706492928
2.3575 -0.18363592636919412
2.36 -0.18403729807682354
2.3625000000000003 -0.1842732864507858
2.365 -0.18434408249367748
2.3675 -0.18425033900433205
2.37 -0.1839928618221139
2.3725 -0.18357225837123117
2.375 -0.1829895551044821
2.3775 -0.18224584922139406
2.38 -0.18134237749517804
2.3825 -0.18028051467293021
2.3850000000000002 -0.17906125308791862
2.3875 -0.1776872137629324
2.39 -0.17615971841883074
2.3925 -0.174481377084067
2.395 -0.17265288248066554
2.3975 -0.17067703860552888
2.4 -0.16855613163622693
2.4025 -0.16629256887996066
2.4050000000000002 -0.16388788703070606
2.4075 -0.1613466517065324
2.41 -0.15867068416715532
2.4125 -0.15586399866277978
2.415 -0.15292732038610352
2.4175 -0.14986482296561612
2.42 -0.14667968424655478
2.4225 -0.1433751800426735
2.4250000000000003 -0.13995328991851858
2.4275 -0.1364202133355288
2.43 -0.13277815491003442
2.4325 -0.1290322684961217
2.435 -0.12518327018353498
2.4375 -0.12123643065300152
2.44 -0.11719561613103348
2.4425 -0.11306476281117361
2.445 -0.10884787309663271
2.4475000000000002 -0.10454727640015432
2.45 -0.10017053658075137
2.4525 -0.09572012827945255
2.455 -0.09120210157849643
2.4575 -0.08661711481369701
2.46 -0.08197128076653908
2.4625 -0.07726895672073814
2.465 -0.07251453476983097
2.4675000000000002 -0.06771050799405634
2.47 -0.06286516915142705
2.4725 -0.057981078891386546
2.475 -0.053064701647892856
2.4775 -0.04811660660832384
2.48 -0.04314327037765467
2.4825 -0.03814921517120155
2.485 -0.03313896554703306
2.4875000000000003 -0.028115033864542407
2.49 -0.02308595630379187
2.4925 -0.01805423353336002
2.495 -0.013026370229605455
2.4975 -0.008002817030177573
2.5 -0.00299004099507054
2.5025 0.0020075289192598243
2.505 0.006985493097516624
2.5075 0.01193948508188818
2.5100000000000002 0.016867139385097273
2.5125 0.02176022516914376
2.515 0.026616474139068192
2.5175 0.03142977241053156
2.52 0.036199828508013454
2.5225 0.04092061784889858
2.525 0.04558810891244148
2.5275 0.05019833204983897
2.5300000000000002 0.05474918966820669
2.5325 0.05923320524917007
2.535 0.06364844651764016
2.5375 0.06798950166242346
2.54 0.07225623416770083
2.5425 0.07644336088563791
2.545 0.0805474340551541
2.5475 0.08456509222382357
2.5500000000000003 0.0884946157520451
2.5525 0.09232968037631294
2.555 0.09606878871260778
2.5575 0.09970895056357937
2.56 0.10324587997809564
2.5625 0.10667961825086415
2.565 0.11000604234681935
2.5675 0.11322257034366007
2.57 0.11632672746301073
2.5725000000000002 0.11931732040103407
2.575 0.12218970178708839
2.5775 0.12494294770583794
2.58 0.12757400084349232
2.5825 0.13008305375112536
2.585 0.13246723193661003
2.5875 0.1347248558100095
2.59 0.13685436455421598
2.5925000000000002 0.13885509097172138
2.595 0.14072411422649447
2.5975 0.14246106120691643
2.6 0.14406424004225943
2.6025 0.14553397948383878
2.605 0.14686877957733185
2.6075 0.14806793181779598
2.61 0.14913085111529154
2.6125000000000003 0.15005741896716826
2.615 0.15084655620156082
2.6175 0.15149844591507447
2.62 0.1520129964401346
2.6225 0.15239011536974262
2.625 0.1526302577580481
2.6275 0.15273352019241052
2.63 0.15270029863057769
2.6325 0.15253110925299557
2.6350000000000002 0.1522264387848802
2.6375 0.15178728499678237
2.64 0.15121442424134648
2.6425 0.15050915234679937
2.645 0.14967200644571613
2.6475 0.1487044575752346
2.65 0.14760783290752974
2.6525 0.14638356991546608
2.6550000000000002 0.14503264954467762
2.6575 0.14355780563199189
2.66 0.14196028114630438
2.6625 0.14024264839591172
2.665 0.13840549416475428
2.6675 0.1364515427495378
2.67 0.13438295189732488
2.6725 0.1322019738291596
2.6750000000000003 0.12991001479213085
2.6775 0.12751134251267005
2.68 0.12500758374376258
2.6825 0.12240134447055843
2.685 0.1196964147152156
2.6875 0.11689339610717918
2.69 0.11399619522425812
2.6925 0.1110077298123992
2.695 0.10793098855040856
2.6975000000000002 0.1047677467131267
2.7 0.10152365668060462
2.7025 0.09820065430492965
2.705 0.09480335652630642
2.7075 0.09133234196595316
2.71 0.08779230654443775
2.7125 0.08418665119886605
2.715 0.0805188232221678
2.7175000000000002 0.07679081115012484
2.72 0.07300912764952032
2.7225 0.06917586045890574
2.725 0.06529617128892128
2.7275 0.061370583959364115
2.73 0.05740429821619038
2.7325 0.05340099389889682
2.735 0.04936437071902839
2.7375000000000003 0.04529651297610486
2.74 0.041204404249374
2.7425 0.03709016283343528
2.745 0.032957534237739575
2.7475 0.02881192833931195
2.75 0.024653774302799396
2.7525 0.020488472926402317
2.755 0.016319761800477943
2.7575 0.012151368229414016
2.7600000000000002 0.007985341502048635
2.7625 0.0038287112367152995
2.765 -3.1651253921194774E-4
2.7675 -0.004445027703569897
2.77 -0.008556512488221747
2.7725 -0.012645714038935302
2.775 -0.016709067507115042
2.7775 -0.020743043788827836
2.7800000000000002 -0.024745745948326424
2.7825 -0.028710523356555648
2.785 -0.032635579330224554
2.7875 -0.03651601373834584
2.79 -0.04035162722465707
2.7925 -0.04413760522092259
2.795 -0.04787075062327199
2.7975 -0.05154792481001382
2.8000000000000003 -0.05516748526170373
2.8025 -0.058723522541060384
2.805 -0.06221454803333841
2.8075 -0.06563768231324567
2.81 -0.06898879025291131
2.8125 -0.0722678190735602
2.815 -0.07547075300394228
2.8175 -0.07859500887739934
2.82 -0.08163808285417072
2.8225000000000002 -0.08459871911530706
2.825 -0.08747220991633
2.8275 -0.09025750146602117
2.83 -0.09295136632914591
2.8325 -0.09555388158688753
2.835 -0.09806196126461786
2.8375 -0.10047370683427148
2.84 -0.10278731238894159
2.8425000000000002 -0.10500193122621576
2.845 -0.10711417492442109
2.8475 -0.10912342837523377
2.85 -0.111027527219978
2.8525 -0.11282667042034043
2.855 -0.11451884862843457
2.8575 -0.11610293511431802
2.86 -0.11757790349606875
2.8625000000000003 -0.1189433521358173
2.865 -0.12019736475013196
2.8675 -0.12133978704411919
2.87 -0.12236999871895878
2.8725 -0.12328713729149932
2.875 -0.12409152110946124
2.8775 -0.12478244709442449
2.88 -0.125359703978123
2.8825 -0.12582318254718805
2.8850000000000002 -0.1261729924966981
2.8875 -0.12640894814932097
2.89 -0.1265314071615388
2.8925 -0.12654068389892514
2.895 -0.12643718095237222
2.8975 -0.1262213663941876
2.9 -0.12589383295542472
2.9025 -0.12545527081769714
2.9050000000000002 -0.12490622518630594
2.9075 -0.12424801754779055
2.91 -0.1234814268311703
2.9125 -0.12260789347691989
2.915 -0.12162787937435109
2.9175 -0.1205429645153707
2.92 -0.11935448975164437
2.9225 -0.11806388344703743
2.9250000000000003 -0.11667208348224699
2.9275 -0.11518180196407778
2.93 -0.11359418355622278
2.9325 -0.11191099015328666
2.935 -0.11013479180225699
2.9375 -0.10826608408439446
2.94 -0.10630755186471645
2.9425 -0.10426126081349711
2.945 -0.10212934744730182
2.9475000000000002 -0.099913114450969
2.95 -0.09761660655798168
2.9525 -0.09524129009256108
2.955 -0.09279055853137465
2.9575 -0.09026490705795961
2.96 -0.08766781574479085
2.9625 -0.08500185380255056
2.965 -0.08226964265992291
2.9675000000000002 -0.07947272276596629
2.97 -0.07661604993944451
2.9725 -0.07370128122249266
2.975 -0.07073122136740445
2.9775 -0.06770993350806277
2.98 -0.06463787931011357
2.9825 -0.06151917199472004
2.985 -0.058356757269759064
2.9875000000000003 -0.0551523202837803
2.99 -0.05191142442273292
2.9925 -0.04863581917012737
2.995 -0.04532854748093883
2.9975 -0.04199400934364866
3.0 -0.03863260994406268
3.0025 -0.03524876481250742
3.005 -0.031845569646494015
3.0075000000000003 -0.028424755737901337
3.0100000000000002 -0.024992165006837118
3.0125 -0.021549538686949234
3.015 -0.018099980618558584
3.0175 -0.014647971464538922
3.02 -0.01119383880437827
3.0225 -0.007742044399030863
3.025 -0.004295656145924857
3.0275 -8.577261872971067E-4
3.0300000000000002 0.002570079626865137
3.0325 0.00598200648256232
3.035 0.009376438464813704
3.0375 0.012750412831724301
3.04 0.01609966046673699
3.0425 0.01942396015947375
3.045 0.022719097927941957
3.0475 0.025982241114804173
3.0500000000000003 0.02921187968743414
3.0525 0.03240267697806866
3.055 0.035553221677446054
3.0575 0.03866084952820971
3.06 0.04172172862760644
3.0625 0.044735742899553683
3.065 0.04769914361419797
3.0675 0.05060947023404004
3.0700000000000003 0.05346544881714176
3.0725000000000002 0.05626244827231431
3.075 0.0589993352600372
3.0775 0.06167388497564002
3.08 0.06428290525651718
3.0825 0.06682638870753109
3.085 0.06930124892433326
3.0875 0.07170552496146065
3.09 0.07403732576883931
3.0925000000000002 0.07629571952978717
3.095 0.07847715266440668
3.0975 0.08058087015392051
3.1 0.08260527422962544
3.1025 0.08454808243073304
3.105 0.08640940616648925
3.1075 0.08818708625475907
3.11 0.0898798366245041
3.1125000000000003 0.09148707673800653
3.115 0.09300639622433533
3.1175 0.09443741210178593
3.12 0.09577916385892475
3.1225 0.0970302914463169
3.125 0.09819100234191619
3.1275 0.09926006757691756
3.13 0.10023686112430923
3.1325000000000003 0.10112117637953855
3.1350000000000002 0.1019118491208074
3.1375 0.1026088793967145
3.14 0.10321197985591213
3.1425 0.10372076313186099
3.145 0.10413551843268021
3.1475 0.10445598970544566
3.15 0.10468222747477715
3.1525 0.1048143660659125
3.1550000000000002 0.10485261974263851
3.1575 0.10479725862922794
3.16 0.10464869973856804
3.1625 0.10440740772163346
3.165 0.10407407995768354
3.1675 0.10364907530345788
3.17 0.10313321393194251
3.1725 0.10252727948745721
3.1750000000000003 0.10183183730802846
3.1775 0.10104838141177121
3.18 0.1001776644319871
3.1825 0.09922077344107985
3.185 0.09817930203035856
3.1875 0.09705364788861005
3.19 0.0958455127200174
3.1925 0.09455626726233116
3.1950000000000003 0.09318678634253795
3.1975000000000002 0.09173966963464866
3.2 0.09021595374139893
3.2025 0.08861726967644731
3.205 0.0869459926523395
3.2075 0.08520253579910289
3.21 0.08338936211330975
3.2125 0.0815083360369314
3.215 0.07956137583503341
3.2175000000000002 0.07754963479466452
3.22 0.07547674251576984
3.2225 0.07334397547174111
3.225 0.07115344783807391
3.2275 0.06890822700553395
3.23 0.06660871531086188
3.2325 0.064258039933674
3.235 0.061858478193489164
3.2375000000000003 0.05941135539784205
3.24 0.056920975279964724
3.2425 0.05438874563451451
3.245 0.05181707237636424
3.2475 0.04920943854164571
3.25 0.04656621316711383
3.2525 0.04389091131410655
3.255 0.04118603156171708
3.2575000000000003 0.03845299208728262
3.2600000000000002 0.03569651047364035
3.2625 0.032918043207642786
3.265 0.030120144834841274
3.2675 0.027306507047534408
3.27 0.024477445829854977
3.2725 0.02163665612214104
3.275 0.018786711444218354
3.2775 0.015930184300055897
3.2800000000000002 0.01306849921189161
3.2825 0.010206509081992485
3.285 0.007345626090693357
3.2875 0.0044883959051506064
3.29 0.0016384907064117373
3.2925 -0.001203852386573643
3.295 -0.004034989488604419
3.2975 -0.0068524374450125115
3.3000000000000003 -0.009654851114403906
3.3025 -0.012437549723317239
3.305 -0.015199243524945503
3.3075 -0.017937546185729097
3.31 -0.020649021162401474
3.3125 -0.023333513641026482
3.315 -0.025987640958027556
3.3175 -0.028609146013128674
3.3200000000000003 -0.031196836227229803
3.3225000000000002 -0.03374646054190975
3.325 -0.03625692050688813
3.3275 -0.038726118427615606
3.33 -0.04115103943634176
3.3325 -0.04353161738572471
3.335 -0.045864913130076276
3.3375 -0.04814901580393458
3.34 -0.05038206519497017
3.3425000000000002 -0.05256311448403608
3.345 -0.05468866442929414
3.3475 -0.056757898217502926
3.35 -0.05876917252134801
3.3525 -0.060720132943633015
3.355 -0.06261081427917681
3.3575 -0.06443895657123966
3.36 -0.06620315353780244
3.3625000000000003 -0.06790272722502912
3.365 -0.06953503680106497
3.3675 -0.07109955758847175
3.37 -0.07259513695992649
3.3725 -0.07402013175575684
3.375 -0.07537466196197753
3.3775 -0.07665718941505638
3.38 -0.07786682782269118
3.3825000000000003 -0.07900319853369714
3.3850000000000002 -0.08006464300947727
3.3875 -0.08105094989660001
3.39 -0.08196150806991197
3.3925 -0.0827957760900856
3.395 -0.08355299483719864
3.3975 -0.08423336901988558
3.4 -0.08483624899014504
3.4025 -0.08536137373375785
3.4050000000000002 -0.08580871571998523
3.4075 -0.08617779654930047
3.41 -0.08646876007465139
3.4125 -0.08668162548259446
3.415 -0.08681644312668711
3.4175 -0.08687347876240714
3.42 -0.08685288956273295
3.4225 -0.08675497061381256
3.4250000000000003 -0.0865799995672918
3.4275 -0.08632854674988331
3.43 -0.08600105451899999
3.4325 -0.08559808582013975
3.435 -0.08512047485665158
3.4375 -0.08456853181136086
3.44 -0.0839431891402588
3.4425 -0.08324526582166344
3.4450000000000003 -0.08247532052653661
3.4475000000000002 -0.08163491079200176
3.45 -0.0807247442704896
3.4525 -0.07974588078792678
3.455 -0.07869943761451527
3.4575 -0.07758704651799948
3.46 -0.07640904532051211
3.4625 -0.07516714815202785
3.465 -0.0738626895821228
3.4675000000000002 -0.07249649687319093
3.47 -0.07107109817708118
3.4725 -0.0695874426661865
3.475 -0.06804706026079295
3.4775 -0.0664521750072615
3.48 -0.06480312849602525
3.4825 -0.0631022084917429
3.485 -0.061351115783541334
3.4875000000000003 -0.059550860545844436
3.49 -0.05770465940831297
3.4925 -0.055813613789395866
3.495 -0.05387956885901353
3.4975 -0.05190519956484834
3.5 -0.04989083200770962
3.5025 -0.04783918316233132
3.505 -0.04575221436473456
3.5075000000000003 -0.0436310569123176
3.5100000000000002 -0.041479416174926696
3.5125 -0.039298479776051144
3.515 -0.03709029580333747
3.5175 -0.034856929325872366
3.52 -0.0326013674208724
3.5225 -0.030323897539186788
3.525 -0.02802752236397247
3.5275 -0.025714355819452733
3.5300000000000002 -0.023385585471830506
3.5325 -0.02104520116586953
3.535 -0.01869440501878919
3.5375 -0.016335329175036908
3.54 -0.013971052591289118
3.5425 -0.011601812180757365
3.545 -0.009230678735393068
3.5475 -0.006859772154164781
3.5500000000000003 -0.0044902578981151926
3.5525 -0.002126134044231972
3.555 2.3145637668822388E-4
3.5575 0.0025804355760492776
3.56 0.0049178079320351545
3.5625 0.007243398928467895
3.565 0.009554243751606555
3.5675 0.011848335551355282
3.5700000000000003 0.014124595692519936
3.5725000000000002 0.016379242255974327
3.575 0.018611253718793595
3.5775 0.020818721611529985
3.58 0.022999766141727922
3.5825 0.02515168255394111
3.585 0.027274375917554855
3.5875 0.0293651948763976
3.59 0.03142238973020683
3.5925000000000002 0.033445048429935974
3.595 0.03542987704945048
3.5975 0.03737605459102182
3.6 0.03928198441781389
3.6025 0.04114537436315874
3.605 0.04296620395334313
3.6075 0.04474225076971253
3.61 0.04647209165550757
3.6125000000000003 0.04815501291011645
3.615 0.049788338711248194
3.6175 0.05137147032539453
3.62 0.05290317581350899
3.6225 0.054381692490036715
3.625 0.055807073388818663
3.6275 0.057177637550029504
3.63 0.05849235895404712
3.6325000000000003 0.05975075667649046
3.6350000000000002 0.060950905612706864
3.6375 0.062092456601762776
3.64 0.06317460120042846
3.6425 0.06419658679049745
3.645 0.06515734485172159
3.6475 0.06605700489503398
3.65 0.06689458770449817
3.6525 0.06766956813668257
3.6550000000000002 0.06838175080008928
3.6575 0.06903015644566782
3.66 0.06961473092632661
3.6625 0.07013518083210332
3.665 0.0705911014030648
3.6675 0.07098268054866691
3.67 0.07130960404463528
3.6725 0.07157181103847356
3.6750000000000003 0.07176936462119242
3.6775 0.0719021615709858
3.68 0.07197040600487975
3.6825 0.07197426723705043
3.685 0.07191400826513505
3.6875 0.07178986321676793
3.69 0.07160218174588995
3.6925 0.07135135762498626
3.6950000000000003 0.07103770160957427
3.6975000000000002 0.07066196761720997
3.7 0.07022459931035022
3.7025 0.06972620620084731
3.705 0.06916745001281054
3.7075 0.06854930309428736
3.71 0.06787203424323231
3.7125 0.06713669245111488
3.715 0.06634414008675733
3.7175000000000002 0.06549493675108911
3.72 0.06459071907340243
3.7225 0.06363216184315158
3.725 0.06262031304863747
3.7275 0.06155670034084728
3.73 0.06044160647643718
3.7325 0.059276622527683176
3.735 0.05806296458742094
3.7375000000000003 0.05680137404419876
3.74 0.05549415312583928
3.7425 0.05414213622955338
3.745 0.05274668797084104
3.7475 0.05130920680622527
3.75 0.04983172282289816
3.7525 0.0483145150810338
3.755 0.04675965845807896
3.7575000000000003 0.045168029442701534
3.7600000000000002 0.04354244803538771
3.7625 0.04188385696367799
3.765 0.04019385204257009
3.7675 0.03847405139385664
3.77 0.03672679851629064
3.7725 0.034952352649427136
3.775 0.03315308330743358
3.7775 0.03133068249330413
3.7800000000000002 0.029486115204714426
3.7825 0.02762257667647508
3.785 0.025741064577840495
3.7875 0.02384331978609991
3.79 0.021931858991877794
3.7925 0.02000690763774398
3.795 0.018070988725138674
3.7975 0.016125866641771576
3.8000000000000003 0.014172525411217156
3.8025 0.012214294300590539
3.805 0.010252159039840291
3.8075 0.008287882199177393
3.81 0.0063232219737173094
3.8125 0.004360715442269665
3.815 0.0024005361933407488
3.8175 4.4520574444426454E-4
3.8200000000000003 -0.0015043285616142459
3.8225000000000002 -0.0034447938610940075
3.825 -0.005375271293488316
3.8275 -0.0072940760278471664
3.83 -0.009199539642430728
3.8325 -0.011089258579530819
3.835 -0.0129631144198188
3.8375 -0.014818737148172273
3.84 -0.01665453803880891
3.8425000000000002 -0.018469672974937266
3.845 -0.020261149165009925
3.8475 -0.02202818193498333
3.85 -0.02376928365041154
3.8525 -0.025482315272865506
3.855 -0.027167218637595067
3.8575 -0.028821903842947024
3.86 -0.030445003965723732
3.8625000000000003 -0.03203581441591758
3.865 -0.03359176281900421
3.8675 -0.0351122272516033
3.87 -0.03659597918077218
3.8725 -0.0380418271714822
3.875 -0.039448063058076785
3.8775 -0.04081469815524609
3.88 -0.042140087126981945
3.8825000000000003 -0.04342370048389133
3.8850000000000002 -0.04466351865058569
3.8875 -0.04585911273920133
3.89 -0.04700957489970271
3.8925 -0.04811404074009097
3.895 -0.049171276346581874
3.8975 -0.05018135242449354
3.9 -0.05114310598404159
3.9025000000000003 -0.05205620739098818
3.9050000000000002 -0.052919287528851354
3.9075 -0.05373212915427347
3.91 -0.054494186967389134
3.9125 -0.05520496287080752
3.915 -0.05586375302553805
3.9175 -0.05647068189046401
3.92 -0.057025120440491336
3.9225 -0.05752676169195407
3.9250000000000003 -0.05797551559733177
3.9275 -0.058370812606396406
3.93 -0.0587126803871929
3.9325 -0.059001004746053035
3.935 -0.059235719614223914
3.9375 -0.05941674521909221
3.94 -0.05954425622024735
3.9425 -0.05961824689494666
3.9450000000000003 -0.05963883968202618
3.9475000000000002 -0.0596061901841097
3.95 -0.05952053614585722
3.9525 -0.05938214286629812
3.955 -0.05919132169977942
3.9575 -0.0589485371290625
3.96 -0.05865399680669452
3.9625 -0.05830823419328501
3.9650000000000003 -0.057911571364178745
3.9675000000000002 -0.05746485992528539
3.97 -0.056968528451112985
3.9725 -0.056423196169781135
3.975 -0.05582952377126257
3.9775 -0.05518847862165875
3.98 -0.05450028879480549
3.9825 -0.05376598183814706
3.985 -0.052986376575094155
3.9875000000000003 -0.052161990886714714
3.99 -0.051294377150710356
3.9925 -0.050384143044785806
3.995 -0.04943225171218107
3.9975 -0.04843969998732595
4.0 -0.04740793804302489
4.0025 -0.04633676507806618
4.005 -0.04522898545167392
4.0075 -0.04408394786350317
4.01 -0.042904632690244804
4.0125 -0.041690822013929006
4.015 -0.04044418385246447
4.0175 -0.03916594623961951
4.0200000000000005 -0.03785683165576745
4.0225 -0.036519702511283045
4.025 -0.0351537150055036
4.0275 -0.033762369049286485
4.03 -0.03234534476486561
4.0325 -0.03090454613752366
4.035 -0.029441341961531194
4.0375 -0.027957116119113768
4.04 -0.026453266293349896
4.0425 -0.024930590392980036
4.045 -0.02339234665295307
4.0475 -0.021837504955493095
4.05 -0.020269991165344062
4.0525 -0.018689378729417064
4.055 -0.017097745326170696
4.0575 -0.015496548707044488
4.0600000000000005 -0.013886604803808142
4.0625 -0.01227131214171349
4.065 -0.01064954978874124
4.0675 -0.009025373930010565
4.07 -0.007397646898386871
4.0725 -0.005770429309107787
4.075 -0.004143221483982447
4.0775 -0.0025181223180119135
4.08 -8.965725793815535E-4
4.0825000000000005 7.206407035710142E-4
4.085 0.0023301582884804324
4.0875 0.003933143542009659
4.09 0.005525633322178323
4.0925 0.0071081582561575
4.095 0.008678706617167228
4.0975 0.010235921432300019
4.1 0.011778462449171785
4.1025 0.013305007270739891
4.105 0.014814852535031826
4.1075 0.016304914684809158
4.11 0.01777631587837405
4.1125 0.01922546344061356
4.115 0.02065289311307334
4.1175 0.022056828091048208
4.12 0.023436100949980283
4.1225000000000005 0.024790106481552884
4.125 0.02611612224028125
4.1275 0.027415183868781865
4.13 0.028684156840945
4.1325 0.029924044024711546
4.135 0.031131865652006995
4.1375 0.03230812451670302
4.14 0.03345139700269161
4.1425 0.03456078182580538
4.1450000000000005 0.0356358339010766
4.1475 0.03667445106985948
4.15 0.037677496252768096
4.1525 0.03864260179923024
4.155 0.039570220738731995
4.1575 0.040459267747338004
4.16 0.04130908801902501
4.1625 0.04211906404099437
4.165 0.042888616011045315
4.1675 0.04361748538947771
4.17 0.04430431939794235
4.1725 0.044949752652460276
4.175 0.04555232761644417
4.1775 0.04611240694202537
4.18 0.04662939425149467
4.1825 0.04710298243218302
4.1850000000000005 0.04753306734374693
4.1875 0.047918931913536716
4.19 0.048261006137043407
4.1925 0.04855859541215479
4.195 0.04881206837696792
4.1975 0.04902095193172199
4.2 0.049185495554679645
4.2025 0.04930561853801758
4.205 0.04938137219051621
4.2075000000000005 0.04941285092664959
4.21 0.0494001733117725
4.2125 0.04934348783950207
4.215 0.049243092349345714
4.2175 0.049099138090140604
4.22 0.04891193996597475
4.2225 0.04868181897441842
4.225 0.04840913322145504
4.2275 0.04809427747004382
4.23 0.04773753172961927
4.2325 0.04733981538309704
4.235 0.04690099382165198
4.2375 0.046422304863497334
4.24 0.04590376809065297
4.2425 0.0453461705698991
4.245 0.04475014848507597
4.2475000000000005 0.0441161090224863
4.25 0.0434455345284981
4.2525 0.042738082007704105
4.255 0.04199564226228154
4.2575 0.041217816058703206
4.26 0.04040666389301152
4.2625 0.03956207645996078
4.265 0.038685242373763154
4.2675 0.03777705802870831
4.2700000000000005 0.0368380631543376
4.2725 0.03587034694806053
4.275 0.03487332884479041
4.2775 0.033849592754914205
4.28 0.03279893686466721
4.2825 0.031722796266176786
4.285 0.030622220868635266
4.2875000000000005 0.02949782450655943
4.29 0.02835205446345545
4.2925 0.027184178313304296
4.295 0.02599717921942608
4.2975 0.024790287633054922
4.3 0.02356657585348394
4.3025 0.022325739719504915
4.305 0.0210694305769011
4.3075 0.019798823208476445
4.3100000000000005 0.01851458499713297
4.3125 0.01721945461222392
4.315 0.015912556843545915
4.3175 0.014597183730823944
4.32 0.013272437160133802
4.3225 0.01194164502562404
4.325 0.010604425573526196
4.3275 0.009262522740683126
4.33 0.007917149125198546
4.3325000000000005 0.006568976751475337
4.335 0.005220832714393083
4.3375 0.0038717654515828593
4.34 0.0025251332181963847
4.3425 0.001179976937687772
4.345 -1.6036341299775677E-4
4.3475 -0.0014963177191717122
4.3500000000000005 -0.0028267063219957005
4.3525 -0.004148774084020553
4.355 -0.005463483731312879
4.3575 -0.006767591971418559
4.36 -0.008062056986789693
4.3625 -0.009343693976347087
4.365 -0.010612948226643753
4.3675 -0.011868219269315692
4.37 -0.01310843825984946
4.3725000000000005 -0.014333039864186423
4.375 -0.015539531706525
4.3775 -0.016728829847203704
4.38 -0.017898037936526605
4.3825 -0.019048052782370796
4.385 -0.020176082855294725
4.3875 -0.021282564588957695
4.39 -0.022366134664173767
4.3925 -0.023425909086495906
4.3950000000000005 -0.02446143722204476
4.3975 -0.025470657464633454
4.4 -0.026454375879605484
4.4025 -0.027410236983754315
4.405 -0.028339014708368415
4.4075 -0.029238495838550947
4.41 -0.03010907736022121
4.4125000000000005 -0.030950052229423604
4.415 -0.031759787447307994
4.4175 -0.032538965875724406
4.42 -0.0332857587160749
4.4225 -0.034000808494096424
4.425 -0.03468245011982144
4.4275 -0.035331031084683585
4.43 -0.0359458128641633
4.4325 -0.03652636806183651
4.4350000000000005 -0.037072512704259986
4.4375 -0.0375832494960741
4.44 -0.03805906514091654
4.4425 -0.038498900823213666
4.445 -0.03890319524757266
4.4475 -0.03927106967332966
4.45 -0.039602788187779146
4.4525 -0.039898030167215465
4.455 -0.040156662533462
4.4575000000000005 -0.040378666723427735
4.46 -0.040563731589061895
4.4625 -0.04071211944946375
4.465 -0.040823592020563265
4.4675 -0.04089835959752637
4.47 -0.04093636708063539
4.4725 -0.04093777910878489
4.4750000000000005 -0.04090268111133621
4.4775 -0.04083129836560549
4.48 -0.040723709867226794
4.4825 -0.040580312234008584
4.485 -0.040401131940798994
4.4875 -0.040186742137239134
4.49 -0.03993722383175193
4.4925 -0.039653003086088365
4.495 -0.039334456913538124
4.4975000000000005 -0.0389818438584872
4.5 -0.03859604210805602
4.5025 -0.03817689771556307
4.505 -0.03772557189417946
4.5075 -0.037241860861747036
4.51 -0.03672708298787969
4.5125 -0.03618121018649661
4.515 -0.03560503881920688
4.5175 -0.0349991903851391
4.5200000000000005 -0.03436405094391856
4.5225 -0.033701068813679604
4.525 -0.033009875364541336
4.5275 -0.03229229007116058
4.53 -0.03154790059408747
4.5325 -0.03077865368410084
4.535 -0.029984417598377836
4.5375000000000005 -0.02916595902502874
4.54 -0.028325088016373436
4.5425 -0.027461291034561016
4.545 -0.026576797957929412
4.5475 -0.02567105834240384
4.55 -0.02474640038600493
4.5525 -0.02380262010354545
4.555 -0.022840991597594902
4.5575 -0.02186243549984408
4.5600000000000005 -0.020867483350416993
4.5625 -0.019858281201315223
4.565 -0.018834167610468387
4.5675 -0.01779774257541652
4.57 -0.016748318529378747
4.5725 -0.015688551596861396
4.575 -0.014618160784016954
4.5775 -0.013538558296536442
4.58 -0.012450739114523582
4.5825000000000005 -0.011355262668164088
4.585 -0.010254448561479097
4.5875 -0.009147538919429791
4.59 -0.008037308218103343
4.5925 -0.0069229847463811054
4.595 -0.0058073542786082075
4.5975 -0.004690081126706916
4.6000000000000005 -0.0035721644323835123
4.6025 -0.002455941466459971
4.605 -0.0013406184083483012
4.6075 -2.2896572141911404E-4
4.61 8.79814237197563E-4
4.6125 0.0019829743082982933
4.615 0.0030808752006522325
4.6175 0.004172116341117894
4.62 0.005255748959809072
4.6225000000000005 0.006331262649906895
4.625 0.00739644516818609
4.6275 0.008452085110200491
4.63 0.00949559124466222
4.6325 0.010527743296234833
4.635 0.011546014902390985
4.6375 0.012550775200714839
4.64 0.013540768239673017
4.6425 0.014515164385257809
4.6450000000000005 0.015473530665730517
4.6475 0.01641393241262248
4.65 0.017337097373657802
4.6525 0.018240791193179208
4.655 0.01912572108391478
4.6575 0.019989753219751046
4.66 0.02083323878635539
4.6625000000000005 0.021655475089802978
4.665 0.022454833474368666
4.6675 0.023231959664352708
4.67 0.023985000291102336
4.6725 0.024714572695757185
4.675 0.025418946175999765
4.6775 0.026098441002363207
4.68 0.026752254502565676
4.6825 0.027379895554534735
4.6850000000000005 0.027981133123470565
4.6875 0.028554821530030812
4.69 0.029101463885948548
4.6925 0.02961979716689267
4.695 0.030110288126853547
4.6975 0.030571816221483257
4.7 0.03100464313374379
4.7025 0.031408295706221556
4.705 0.03178251821264519
4.7075000000000005 0.0321272139301155
4.71 0.03244178592773286
4.7125 0.03272656362382624
4.715 0.032980945015614306
4.7175 0.033205218013427316
4.72 0.033398932201830454
4.7225 0.03356227401705369
4.7250000000000005 0.03369516990256867
4.7275 0.03379746906399427
4.73 0.033869352793250866
4.7325 0.0339107507427216
4.735 0.03392180082732885
4.7375 0.033902583744393124
4.74 0.03385321960773578
4.7425 0.03377386152402121
4.745 0.03366468714722094
4.7475000000000005 0.03352583866018683
4.75 0.03335772955075439
4.7525 0.033160345504551395
4.755 0.03293428174438435
4.7575 0.03267948098276491
4.76 0.03239667931328813
4.7625 0.032085906819472695
4.765 0.031747647340935665
4.7675 0.03138230032667399
4.7700000000000005 0.030990125860390596
4.7725 0.030572054611285447
4.775 0.03012788385871594
4.7775 0.029658811234552683
4.78 0.029164594476215482
4.7825 0.02864655226833724
4.785 0.028104625383735697
4.7875000000000005 0.027539353140855767
4.79 0.026952013201233527
4.7925 0.026342269729025595
4.795 0.02571171894047768
4.7975 0.02505999000948368
4.8 0.02438877919695126
4.8025 0.023697962360525193
4.805 0.02298848874190448
4.8075 0.022261057135322143
4.8100000000000005 0.02151607862279543
4.8125 0.020755182016654793
4.815 0.0199778870657095
4.8175 0.01918618526011194
4.82 0.01837956921933175
4.8225 0.01756009806122906
4.825 0.01672757472506974
4.8275 0.015883111796578232
4.83 0.0150275044250601
4.8325000000000005 0.01416120651556446
4.835 0.013286071695682456
4.8375 0.012401513841676284
4.84 0.011509766329254068
4.8425 0.010610225436831877
4.845 0.009705155992050801
4.8475 0.008794304263116495
4.8500000000000005 0.007878495320430107
4.8525 0.00695966232135842
4.855 0.006037167575969518
4.8575 0.005113318267755302
4.86 0.0041874672138570495
4.8625 0.003261924027280729
4.865 0.0023364044213013495
4.8675 0.0014121021472180797
4.87 4.898366018235618E-4
4.8725000000000005 -4.299446414180075E-4
4.875 -0.0013453311065041013
4.8775 -0.0022569845030522514
4.88 -0.003162650968111236
4.8825 -0.004062991028221198
4.885 -0.00495578463488802
4.8875 -0.005841336192212067
4.89 -0.006718524917220889
4.8925 -0.007586598874766955
4.8950000000000005 -0.00844515815097029
4.8975 -0.00929244938765053
4.9 -0.010129110742619187
4.9025 -0.010953099433174178
4.905 -0.011765042179441423
4.9075 -0.012562962718530185
4.91 -0.013347163400932862
4.9125000000000005 -0.014116978171738124
4.915 -0.014870859279135411
4.9175 -0.015609395591571923
4.92 -0.01633080515795393
4.9225 -0.017035658183705206
4.925 -0.017722260803289668
4.9275 -0.01839089892956292
4.93 -0.019040763383143373
4.9325 -0.01967134193515276
4.9350000000000005 -0.02028238166890186
4.9375 -0.02087268785915943
4.94 -0.02144275104445268
4.9425 -0.02199122570570113
4.945 -0.02251857590702243
4.9475 -0.02302356549329047
4.95 -0.023506441954301086
4.9525 -0.023966648030393962
4.955 -0.024403854407928947
4.9575000000000005 -0.024817914302004935
4.96 -0.02520805936625469
4.9625 -0.02557465021718341
4.965 -0.02591685914944337
4.9675 -0.026235014613726616
4.97 -0.02652841113716588
4.9725 -0.026797241493572807
4.9750000000000005 -0.027041324405055873
4.9775 -0.02726025315959312
4.98 -0.02745427195553849
4.9825 -0.02762298708567276
4.985 -0.02776660784283996
4.9875 -0.02788486651090059
4.99 -0.02797790482207266
4.9925 -0.028045677583895635
4.995 -0.028088214470560948
4.9975000000000005 -0.028105569452265243
