0.0 1.0
0.0025 0.9977709881953335
0.005 0.9946575355737919
0.0075 0.990664521593681
0.01 0.9857975984877776
0.0125 0.9800607179373153
0.015 0.9734684555324737
0.0175 0.9660181902993935
0.02 0.9577305011615773
0.0225 0.9486053428356579
0.025 0.9386518414904712
0.0275 0.9278932588394155
0.03 0.9163286967766676
0.0325 0.9039745177054861
0.035 0.8908382098888836
0.0375 0.8769495474769119
0.04 0.8623065170376057
0.0425 0.8469230674522276
0.045 0.8308335437873021
0.0475 0.8140351209879415
0.05 0.7965436164317089
0.0525 0.7783976387510949
0.055 0.7595935796498392
0.0575 0.7401489851375961
0.06 0.7201063881338111
0.0625 0.6994614315476811
0.065 0.6782418374395898
0.0675 0.6564590766524556
0.07 0.6341513100922647
0.0725 0.6113403266775719
0.075 0.5880294310596514
0.0775 0.5642496045161374
0.08 0.5400231672988085
0.0825 0.5153628429196319
0.085 0.49031134905400886
0.08750000000000001 0.4648822013530915
0.09 0.43910935467547435
0.0925 0.412996008133842
0.095 0.3865764771132974
0.0975 0.3598643150516393
0.1 0.3329053721042463
0.10250000000000001 0.3057136746004626
0.105 0.27832502175902124
0.1075 0.2507424131238533
0.11 0.22300180006678894
0.1125 0.19511712278834392
0.115 0.1671358601316237
0.11750000000000001 0.13907209541732263
0.12 0.11096230661271624
0.1225 0.08280920105104878
0.125 0.054649198591786484
0.1275 0.026507426726205326
0.13 -0.0015910630628988259
0.1325 -0.029621317459600942
0.135 -0.05756965628691451
0.1375 -0.08538903052687692
0.14 -0.11306610801740799
0.14250000000000002 -0.14057654667935784
0.145 -0.16788532438207912
0.1475 -0.19499039672411003
0.15 -0.2218571361688655
0.1525 -0.2484621516075764
0.155 -0.2747823409410736
0.1575 -0.3007949109933492
0.16 -0.3264773971022968
0.1625 -0.35180768237090976
0.165 -0.3767739214125508
0.1675 -0.40133477712659243
0.17 -0.42547934667629783
0.17250000000000001 -0.4491870895533903
0.17500000000000002 -0.47243790362475324
0.1775 -0.4952031301685068
0.18 -0.5174818197690939
0.1825 -0.5392460783790689
0.185 -0.5604777214652065
0.1875 -0.5811590826847718
0.19 -0.6012730284068718
0.1925 -0.6208029717242679
0.195 -0.6397403357751061
0.1975 -0.6580545181717735
0.2 -0.6757383441964653
0.2025 -0.6927775436199263
0.20500000000000002 -0.709158454978927
0.20750000000000002 -0.7248680363109757
0.21 -0.7398880032595222
0.2125 -0.7542186073250116
0.215 -0.7678425754319471
0.2175 -0.7807494390325977
0.22 -0.7929293939357226
0.2225 -0.8043733074694583
0.225 -0.8150768547769871
0.2275 -0.8250237033791773
0.23 -0.8342112013840496
0.2325 -0.8426329617253128
0.23500000000000001 -0.8502832953552261
0.23750000000000002 -0.8571572146578578
0.24 -0.8632481555173944
0.2425 -0.8685574166391975
0.245 -0.8730795348058118
0.2475 -0.8768123492940694
0.25 -0.8797544083638658
0.2525 -0.8819049688667876
0.255 -0.8832639952238109
0.2575 -0.88383215777447
0.26 -0.8836108305004629
0.2625 -0.8826020881272066
0.265 -0.880808702607431
0.2675 -0.8782341389913522
0.27 -0.8748810552088397
0.2725 -0.8707569708310484
0.275 -0.8658662140457455
0.2775 -0.8602149691855582
0.28 -0.8538100840263947
0.28250000000000003 -0.84665906210345
0.28500000000000003 -0.8387700544607406
0.28750000000000003 -0.8301518508428308
0.29 -0.8208177481107504
0.2925 -0.8107703110620182
0.295 -0.8000237788424767
0.2975 -0.788589396854739
0.3 -0.7764789971360789
0.3025 -0.7637049864124852
0.305 -0.7502803336686359
0.3075 -0.7362185572460721
0.31 -0.7215337114821547
0.3125 -0.7062403729028397
0.315 -0.6903536259826282
0.3175 -0.6738890484854331
0.32 -0.6568626964004304
0.3225 -0.6392910884872589
0.325 -0.6211911904453339
0.3275 -0.6025728545486456
0.33 -0.5834687861868513
0.3325 -0.563889850165098
0.335 -0.543854634796463
0.3375 -0.5233820910696134
0.34 -0.5024915148872335
0.3425 -0.4812025290391202
0.34500000000000003 -0.4595350649266554
0.34750000000000003 -0.4375093440555371
0.35000000000000003 -0.41514585931382686
0.3525 -0.39247448884407066
0.355 -0.3694980599701804
0.3575 -0.34624677558912875
0.36 -0.3227420231361107
0.3625 -0.2990053652130623
0.365 -0.27505851994412284
0.3675 -0.2509233412391313
0.37 -0.22662179898296933
0.3725 -0.20217595916859862
0.375 -0.177607963991634
0.3775 -0.15294001192429907
0.38 -0.12819433778658387
0.3825 -0.10339319283237634
0.385 -0.07855882486829638
0.3875 -0.05370352103686065
0.39 -0.02886934650121398
0.3925 -0.004068482573152778
0.395 0.020677034308430986
0.3975 0.04534526946059784
0.4 0.06991440927418394
0.4025 0.09436278037772326
0.405 0.11866886863074373
0.40750000000000003 0.14281133792990808
0.41000000000000003 0.16676904881167323
0.41250000000000003 0.19052107683536618
0.41500000000000004 0.21404673073080135
0.4175 0.2373163107993414
0.42 0.2603282753153937
0.4225 0.28305337642838047
0.425 0.3054720316512996
0.4275 0.3275649783298656
0.43 0.3493132900590329
0.4325 0.370698392760641
0.435 0.3917020804086391
0.4375 0.41230653038873094
0.44 0.43249431847957936
0.4425 0.4522484334431328
0.445 0.4715522912119921
0.4475 0.49039718821921496
0.45 0.5087523606039072
0.4525 0.5266102162085368
0.455 0.5439560132561175
0.4575 0.5607755016422334
0.46 0.5770549344730935
0.4625 0.5927810791274242
0.465 0.6079412278334914
0.4675 0.6225232077528983
0.47000000000000003 0.6365153905634472
0.47250000000000003 0.6499067015336021
0.47500000000000003 0.6626866280817533
0.47750000000000004 0.6748452278138157
0.48 0.6863686521474452
0.4825 0.6972573462978285
0.485 0.7074983831621707
0.4875 0.7170841706027469
0.49 0.7260077188404024
0.4925 0.7342626452551838
0.495 0.7418431786341169
0.4975 0.7487441628636637
0.5 0.7549610600649084
0.5025000000000001 0.760492026611092
0.505 0.7653275479388547
0.5075000000000001 0.7694726927234273
0.51 0.7729187878252926
0.5125 0.7756689689099819
0.515 0.7777209237075265
0.5175 0.7790744827723467
0.52 0.7797300998415172
0.5225 0.7796888499482802
0.525 0.778952426985983
0.5275 0.7775231407259829
0.53 0.7754039132934201
0.5325 0.7725982751053477
0.535 0.7691103602760749
0.5375 0.764944901495076
0.54 0.7601051555844335
0.5425 0.7546032413345011
0.545 0.7484368482366587
0.5475 0.7416229003555814
0.55 0.7341581259019315
0.5525 0.726062647315676
0.555 0.7173322477467943
0.5575 0.7079901611438084
0.56 0.6980312451051847
0.5625 0.6874817475510874
0.5650000000000001 0.6763356232416664
0.5675 0.664622026259727
0.5700000000000001 0.6523340343482159
0.5725 0.6395035901042956
0.5750000000000001 0.6261229230759814
0.5775 0.612226637353019
0.58 0.5978120125988095
0.5825 0.582898578686056
0.585 0.5675008204958105
0.5875 0.5516336203509175
0.59 0.5353122437999213
0.5925 0.5185523250930328
0.595 0.5013698523638757
0.5975 0.48377403798394447
0.6 0.46580287593252845
0.6025 0.44744456809094674
0.605 0.4287457169562247
0.6075 0.4096939277597126
0.61 0.3903374472938812
0.6125 0.370663331123014
0.615 0.35072129067496594
0.6175 0.3304978805645208
0.62 0.3100440928314316
0.6225 0.2893460314114588
0.625 0.26845578124552466
0.6275000000000001 0.24735904722730748
0.63 0.2261088164870686
0.6325000000000001 0.20469044768939623
0.635 0.18315763713449246
0.6375000000000001 0.16149545105319865
0.64 0.1397581002871645
0.6425 0.11793915276421697
0.645 0.096066919682828
0.6475 0.07416103185754254
0.65 0.05224110343286709
0.6525 0.030326714432407684
0.655 0.008428645265933747
0.6575 -0.013407399992310222
0.66 -0.03519698892946239
0.6625 -0.056886011742554976
0.665 -0.07849002385846883
0.6675 -0.09995546892335674
0.67 -0.12129783485504574
0.6725 -0.1424643068810946
0.675 -0.16347025056485595
0.6775 -0.18426377731248875
0.68 -0.20486007618379432
0.6825 -0.2252083651849052
0.685 -0.24532360360889618
0.6875 -0.26515629168463106
0.6900000000000001 -0.2847211067466986
0.6925 -0.30397000146807934
0.6950000000000001 -0.32291732028533854
0.6975 -0.341516632554933
0.7000000000000001 -0.35978190030359386
0.7025 -0.3776684672720111
0.705 -0.3951829372466249
0.7075 -0.4123033627316229
0.71 -0.42901541396226867
0.7125 -0.44530515940834764
0.715 -0.46115907725034044
0.7175 -0.4765701369321179
0.72 -0.4915074574970534
0.7225 -0.505982713988023
0.725 -0.5199609854263407
0.7275 -0.5334533248828317
0.73 -0.5464273139754661
0.7325 -0.5588933473878189
0.735 -0.5708216129169837
0.7375 -0.582221812962161
0.74 -0.5930668353071042
0.7425 -0.6033656587963749
0.745 -0.6130939549452847
0.7475 -0.622259950499234
0.75 -0.630842174136868
0.7525000000000001 -0.638848074774398
0.755 -0.6462591011598752
0.7575000000000001 -0.6530819015430466
0.76 -0.659300896947701
0.7625000000000001 -0.6649219150802048
0.765 -0.6699323906115373
0.7675000000000001 -0.6743373138448506
0.77 -0.6781271635389893
0.7725 -0.6813049306852165
0.775 -0.6838685037906711
0.7775 -0.6858143546939278
0.78 -0.6871453266105404
0.7825 -0.6878595695605472
0.785 -0.68795905466608
0.7875 -0.6874449960369827
0.79 -0.6863184898237119
0.7925 -0.6845837953462778
0.795 -0.6822411340354194
0.7975 -0.6792977807846667
0.8 -0.675753085671462
0.8025 -0.6716172989258969
0.805 -0.6668889057261694
0.8075 -0.6615810809953214
0.81 -0.6556914545164049
0.8125 -0.6492360650849331
0.8150000000000001 -0.6422116995945703
0.8175 -0.6346371899809853
0.8200000000000001 -0.6265084956970673
0.8225 -0.617847161473505
0.8250000000000001 -0.6086483376448729
0.8275 -0.5989361921107311
0.8300000000000001 -0.588705087204786
0.8325 -0.5779817154516476
0.835 -0.5667642585322347
0.8375 -0.555063303229216
0.84 -0.5429047359286088
0.8425 -0.5302810588691017
0.845 -0.5172247901128159
0.8475 -0.5037277384589852
0.85 -0.4898245373966425
0.8525 -0.4755063347556373
0.855 -0.46080974604282127
0.8575 -0.44572529278878326
0.86 -0.4302914326831136
0.8625 -0.41449809769337503
0.865 -0.3983854419594336
0.8675 -0.38194284654751093
0.87 -0.36521201096499495
0.8725 -0.34818180581704244
0.875 -0.33089532010907485
0.8775000000000001 -0.31334095605155693
0.88 -0.2955630320696514
0.8825000000000001 -0.2775495255140444
0.885 -0.25934582053270433
0.8875000000000001 -0.24093951445795603
0.89 -0.22237689044526204
0.8925000000000001 -0.20364521179057432
0.895 -0.18478392189430828
0.8975 -0.16581032005088936
0.9 -0.14671877502711544
0.9025 -0.127557073812182
0.905 -0.10831185173348547
0.9075 -0.08903119634007943
0.91 -0.06970157637684503
0.9125 -0.05037120724289255
0.915 -0.03102644008859887
0.9175 -0.011715445818353917
0.92 0.00757549283780662
0.9225 0.026798420837825885
0.925 0.045967074687729495
0.9275 0.06503388499249671
0.93 0.08401255847505475
0.9325 0.10285607899197607
0.935 0.12157807480286668
0.9375 0.1401322478536744
0.9400000000000001 0.1585320997711782
0.9425 0.1767322120877178
0.9450000000000001 0.194745912307607
0.9475 0.21252881914646649
0.9500000000000001 0.23009403934229805
0.9525 0.24740525507966724
0.9550000000000001 0.2644546872991554
0.9575 0.2812277550337835
0.96 0.2977036254561936
0.9625 0.3138878908382905
0.965 0.32974097229069066
0.9675 0.3452748525109052
0.97 0.3604516366129274
0.9725 0.37528289133560694
0.975 0.3897325327739335
0.9775 0.40381167248466904
0.98 0.4174861574677615
0.9825 0.4307666066820671
0.985 0.44362091050912594
0.9875 0.45605915982639555
0.99 0.46805139306107973
0.9925 0.47960713957524187
0.995 0.49069868235756736
0.9975 0.5013349579796131
1.0 0.5114905820540194
1.0025 0.5211700946484076
1.0050000000000001 0.5303654255861352
1.0075 0.5390588037110887
1.01 0.547254384761224
1.0125 0.5549424745846095
1.0150000000000001 0.5621201908778114
1.0175 0.5687766142394431
1.02 0.5749076661885308
1.0225 0.5805140292302351
1.025 0.5855893994674182
1.0275 0.5901322228804919
1.03 0.5941345929617511
1.0325 0.5975993436905006
1.035 0.6005229587754602
1.0375 0.6029049617354225
1.04 0.6047419877457594
1.0425 0.6060362212405289
1.045 0.6067869570484729
1.0475 0.6069947927804913
1.05 0.6066609100332776
1.0525 0.6057868188308234
1.055 0.6043746084925307
1.0575 0.6024259320546037
1.06 0.5999464576647019
1.0625 0.5969370058849026
1.065 0.5934024043689613
1.0675000000000001 0.5893453281004122
1.07 0.5847758087614952
1.0725 0.579693972334223
1.075 0.5741072902955823
1.0775000000000001 0.5680194119031096
1.08 0.5614418200731538
1.0825 0.5543821364522078
1.085 0.5468421597297634
1.0875000000000001 0.5388291808636879
1.09 0.5303578699044487
1.0925 0.5214374267145561
1.095 0.5120697435892938
1.0975 0.5022677088359334
1.1 0.49203692182138087
1.1025 0.4814000342998747
1.105 0.47035499798581903
1.1075 0.45891679694164444
1.11 0.4470917628542654
1.1125 0.43490575364747075
1.115 0.4223561124072739
1.1175 0.40945968629934465
1.12 0.39622344247351754
1.1225 0.3826760474271943
1.125 0.3688142791173235
1.1275 0.3546565909080421
1.1300000000000001 0.34021048044880275
1.1325 0.3255010533682291
1.135 0.3105423807975362
1.1375 0.2953364378289639
1.1400000000000001 0.2798970768397923
1.1425 0.26425095163368845
1.145 0.2484127673317918
1.1475 0.2323844443429214
1.1500000000000001 0.2161805010060886
1.1525 0.1998287461160799
1.155 0.18334430394775122
1.1575 0.16672901347306848
1.16 0.15000455610854416
1.1625 0.1331793609731606
1.165 0.1162888815506117
1.1675 0.09932814043012078
1.17 0.08231915719474672
1.1725 0.06527039263157819
1.175 0.04821758591312848
1.1775 0.03115552765742802
1.18 0.01410625970902976
1.1825 -0.0029218459285945985
1.185 -0.019893274633578744
1.1875 -0.03681339158209033
1.19 -0.053660445895153036
1.1925000000000001 -0.07042627240219348
1.195 -0.08708272335338084
1.1975 -0.10361532173136523
1.2 -0.12002283406936987
1.2025000000000001 -0.13629077591614663
1.205 -0.152391979899459
1.2075 -0.16831266965267896
1.21 -0.1840518029818129
1.2125000000000001 -0.19959555814000318
1.215 -0.21491812464435264
1.2175 -0.2300066157763449
1.22 -0.24486019360209368
1.2225 -0.2594601015369267
1.225 -0.27379960229239125
1.2275 -0.28784951073921455
1.23 -0.30161499071084724
1.2325 -0.31507877832727904
1.235 -0.32823478117151866
1.2375 -0.3410564278614062
1.24 -0.35354863937356973
1.2425 -0.36569587554919974
1.245 -0.37749276924911346
1.2475 -0.3889157154054489
1.25 -0.3999693245570306
1.2525 -0.41063998461468193
1.2550000000000001 -0.4209231230616249
1.2575 -0.4308022789213159
1.26 -0.44027007773474786
1.2625 -0.4493266225416102
1.2650000000000001 -0.4579643221744291
1.2675 -0.4661695715997743
1.27 -0.47393659227637003
1.2725 -0.48126570832058396
1.2750000000000001 -0.48815090052627197
1.2775 -0.4945815859397739
1.28 -0.5005536488726241
1.2825 -0.5060676278197518
1.285 -0.51111721966156
1.2875 -0.515700764533442
1.29 -0.5198100729224662
1.2925 -0.5234478144777046
1.295 -0.5266101320959324
1.2975 -0.5292963148161102
1.3 -0.5315021673964354
1.3025 -0.533229794801229
1.305 -0.5344778175352489
1.3075 -0.5352464746437585
1.31 -0.5355356068455761
1.3125 -0.5353466699692024
1.315 -0.5346808181455711
1.3175000000000001 -0.5335392080573501
1.32 -0.5319249009572197
1.3225 -0.5298410273249348
1.325 -0.5272888962055107
1.3275000000000001 -0.5242713362319845
1.33 -0.5207945551941848
1.3325 -0.516863297895037
1.335 -0.5124790082356355
1.3375000000000001 -0.5076461307834177
1.34 -0.5023739018860293
1.3425 -0.496668597988254
1.345 -0.4905317760642935
1.3475 -0.4839721257400715
1.35 -0.476993629380321
1.3525 -0.46961211409426934
1.355 -0.4618265191899191
1.3575 -0.4536476138828058
1.36 -0.445080125297928
1.3625 -0.43614311042807297
1.365 -0.4268349326212331
1.3675 -0.41716826803886425
1.37 -0.4071485143776019
1.3725 -0.3967934487529732
1.375 -0.3861135128142278
1.3775 -0.37511046602053205
1.3800000000000001 -0.36379450215199693
1.3825 -0.35218549389669734
1.385 -0.3402948511305879
1.3875 -0.32812434240773164
1.3900000000000001 -0.31568515160117055
1.3925 -0.30299894489800655
1.395 -0.2900779291925775
1.3975 -0.2769238569324198
1.4000000000000001 -0.2635487338774052
1.4025 -0.24997569503369513
1.405 -0.2362175634099361
1.4075 -0.2222760506132944
1.41 -0.2081694799331042
1.4125 -0.1939050909549077
1.415 -0.17951315664103734
1.4175 -0.16498964991275225
1.42 -0.15035355319391516
1.4225 -0.13561227342271695
1.425 -0.12079692329277866
1.4275 -0.1059031869277758
1.43 -0.09095043006962444
1.4325 -0.07594612023713848
1.435 -0.06091574330185366
1.4375 -0.045872808906811
1.44 -0.030818737176143376
1.4425000000000001 -0.01576696635226811
1.445 -7.429344562231963E-4
1.4475 0.014240046845850708
1.45 0.029180690430577375
1.4525000000000001 0.0440657223240526
1.455 0.0588701131473716
1.4575 0.07358093637376655
1.46 0.0881970548984803
1.4625000000000001 0.1027055459628119
1.465 0.11708214039895505
1.4675 0.13131447673872054
1.47 0.14540158262212594
1.4725 0.15932553136865257
1.475 0.17307975743540127
1.4775 0.18663602862958895
1.48 0.19999908490729335
1.4825 0.21315201962035982
1.485 0.22608873044231315
1.4875 0.23878786341102984
1.49 0.2512389321257223
1.4925 0.2634413756632722
1.495 0.27538460542599064
1.4975 0.28704904907189144
1.5 0.29842529107495475
1.5025 0.309512965279181
1.5050000000000001 0.3203025243715107
1.5075 0.3307764386907838
1.51 0.34092648714591334
1.5125 0.3507525017018153
1.5150000000000001 0.3602461020422071
1.5175 0.36939203076502103
1.52 0.37818336664103824
1.5225 0.3866201402645883
1.5250000000000001 0.39469524626429564
1.5275 0.40239589463121234
1.53 0.40971654996635487
1.5325 0.4166574391764085
1.5350000000000001 0.42321282065443927
1.5375 0.42937253002974785
1.54 0.43513248320699793
1.5425 0.44049309832229766
1.545 0.4454481657323202
1.5475 0.449995967398451
1.55 0.45412978430640627
1.5525 0.45784740617392533
1.555 0.4611494789746843
1.5575 0.4640335484013459
1.56 0.4664957333472363
1.5625 0.4685353439039292
1.565 0.4701531962945198
1.5675000000000001 0.47134834551392274
1.57 0.47211977658125226
1.5725 0.47246831534935263
1.575 0.47239493508595604
1.5775000000000001 0.4719001992032275
1.58 0.4709859460949597
1.5825 0.4696544912811145
1.585 0.4679069497642339
1.5875000000000001 0.46574537107610287
1.59 0.46317439383418857
1.5925 0.46019777622396907
1.595 0.45681675780531333
1.5975000000000001 0.4530348310389466
1.6 0.44885934235280456
1.6025 0.44429542555448653
1.605 0.4393444259776639
1.6075 0.4340134234276586
1.61 0.42830571908796583
1.6125 0.4222318571488732
1.615 0.4157985680030347
1.6175 0.40900730079810993
1.62 0.40186453443597553
1.6225 0.39438317899544156
1.625 0.38657112269631555
1.6275 0.37842987381133586
1.6300000000000001 0.3699670811707407
1.6325 0.36119781498227466
1.635 0.35213099829858285
1.6375 0.34276817653812947
1.6400000000000001 0.3331180487500672
1.6425 0.3231976107856885
1.645 0.3130166840062246
1.6475 0.3025768286773261
1.6500000000000001 0.29188766057806365
1.6525 0.2809678415942568
1.655 0.2698279434085711
1.6575 0.2584695188358001
1.6600000000000001 0.24690295514264787
1.6625 0.23514829944164906
1.665 0.22321671649704397
1.6675 0.21110972969187722
1.67 0.19884327993788675
1.6725 0.18642369081943777
1.675 0.1738723205984199
1.6775 0.16120084393944553
1.68 0.14841071750788157
1.6825 0.13551348747046577
1.685 0.12253121000768494
1.6875 0.10947577738706118
1.69 0.09634857012657373
1.6925000000000001 0.08316137967424309
1.695 0.06993664029468744
1.6975 0.05668629091391509
1.7 0.04341161701950744
1.7025000000000001 0.03012448556574655
1.705 0.01684738672910782
1.7075 0.003592136107255367
1.71 -0.009640093197138254
1.7125000000000001 -0.02283752796170422
1.715 -0.035977942010874765
1.7175 -0.04904980969965514
1.72 -0.06205208590433194
1.7225000000000001 -0.07497325743751669
1.725 -0.0877916752561382
1.7275 -0.10050132523037326
1.73 -0.11308612193917152
1.7325 -0.1255451991506465
1.735 -0.1378675943432054
1.7375 -0.15003280282184323
1.74 -0.16203052744606067
1.7425 -0.17386005760073342
1.745 -0.18551104232048143
1.7475 -0.19696421142371862
1.75 -0.20821004856889555
1.7525 -0.21924800737417044
1.7550000000000001 -0.23006848962809462
1.7575 -0.24065372161762622
1.76 -0.2509950955413311
1.7625 -0.26109223545322735
1.7650000000000001 -0.2709364250654097
1.7675 -0.28051162535437996
1.77 -0.2898102506870979
1.7725 -0.29883209927687615
1.7750000000000001 -0.30756945218051407
1.7775 -0.3160082163929095
1.78 -0.3241419264849295
1.7825 -0.3319705560440889
1.7850000000000001 -0.3394874836358199
1.7875 -0.34668074396391935
1.79 -0.3535477538586509
1.7925 -0.36008061842319566
1.795 -0.36627952836314004
1.7975 -0.37213934969329104
1.8 -0.3776509834201816
1.8025 -0.38281075421751753
1.805 -0.38761902181795915
1.8075 -0.39207191311152956
1.81 -0.396162746113771
1.8125 -0.399889163315645
1.815 -0.4032516867663054
1.8175000000000001 -0.40624774728254903
1.82 -0.4088731518715861
1.8225 -0.41112688183046486
1.825 -0.41300961257279667
1.8275000000000001 -0.414520102968627
1.83 -0.41565668497108565
1.8325 -0.41641968046083694
1.835 -0.41680990717083366
1.8375000000000001 -0.41682745706249186
1.84 -0.41647318679161205
1.8425 -0.4157487415455364
1.845 -0.4146550684150487
1.8475000000000001 -0.41319357851209687
1.85 -0.4113676171009097
1.8525 -0.4091791692870393
1.855 -0.4066321392924743
1.8575 -0.40372761508785493
1.86 -0.40046860883851043
1.8625 -0.39686147261444793
1.865 -0.39291067051569545
1.8675 -0.3886173847840404
1.87 -0.3839858483546169
1.8725 -0.3790246948182578
1.875 -0.373739530734675
1.8775 -0.3681316149343043
1.8800000000000001 -0.3622063294398765
1.8825 -0.35597444513346377
1.885 -0.3494426205876351
1.8875 -0.34261217261893406
1.8900000000000001 -0.33548954501668543
1.8925 -0.3280874727399566
1.895 -0.32041356184495995
1.8975 -0.31246916788466045
1.9000000000000001 -0.30426169484345694
1.9025 -0.2958056422930291
1.905 -0.2871059192802557
1.9075 -0.278174482975015
1.9100000000000001 -0.2690090008143851
1.9125 -0.2596290418488081
1.915 -0.25003986914104886
1.9175 -0.24025448566342628
1.92 -0.23027426229635825
1.9225 -0.22010832928191357
1.925 -0.20977431276530698
1.9275 -0.1992820378999691
1.93 -0.18863285066052413
1.9325 -0.17783643310136846
1.935 -0.1669113856241273
1.9375 -0.15586791993586524
1.94 -0.14470733822729098
1.9425000000000001 -0.13343973164032485
1.945 -0.12208440145492616
1.9475 -0.11065179725170007
1.95 -0.09914315936001811
1.9525000000000001 -0.087568840827798
1.955 -0.07594856307314063
1.9575 -0.06429286290123126
1.96 -0.052602901752510534
1.9625000000000001 -0.04088914507501619
1.965 -0.029171450379245296
1.9675 -0.017455606660348406
1.97 -0.005756734448364396
1.9725000000000001 0.0059287918180549294
1.975 0.01757657724744008
1.9775 0.029180991368217453
1.98 0.04072718108015271
1.9825000000000002 0.05221879842422405
1.985 0.06363192706118524
1.9875 0.07496117349885542
1.99 0.0861921604609055
1.9925 0.0973240836043909
1.995 0.10834713249230447
1.9975 0.11924293270881747
2.0 0.13000221321326894
2.0025 0.1406243042263272
2.005 0.15109573774660143
2.0075 0.16140753434801103
2.0100000000000002 0.17155490078433275
2.0125 0.1815210750185386
2.015 0.19129780862098483
2.0175 0.20088464844542067
2.02 0.21026955664842914
2.0225 0.21944464461699986
2.025 0.2284022295995762
2.0275 0.23713484106746777
2.0300000000000002 0.24563857961728772
2.0325 0.25389961485995577
2.035 0.26191459618534907
2.0375 0.26967390791158463
2.04 0.2771774408101376
2.0425 0.28441596357602517
2.045 0.29138365158745144
2.0475 0.29807493558444653
2.05 0.30448450602789434
2.0525 0.31060970831983953
2.055 0.3164408647277534
2.0575 0.3219738211987703
2.06 0.32720877538522725
2.0625 0.3321394995969559
2.065 0.33676232040559184
2.0675 0.3410738476843706
2.07 0.34507097695752137
2.0725000000000002 0.34875229963999843
2.075 0.35211234389884477
2.0775 0.3551492587894043
2.08 0.3578635319209053
2.0825 0.3602522333770834
2.085 0.3623140072743236
2.0875 0.3640477924840144
2.09 0.3654528228778693
2.0925000000000002 0.3665289917264995
2.095 0.36727526199356003
2.0975 0.3676922476704557
2.1 0.3677803903582537
2.1025 0.36754046377640637
2.105 0.3669733612357539
2.1075 0.36608036644372094
2.11 0.3648630506627224
2.1125 0.36332327062523395
2.115 0.3614623583805978
2.1175 0.3592842233480336
2.12 0.35679194359863803
2.1225 0.35398649638737373
2.125 0.35087206034384355
2.1275 0.34745214745869096
2.13 0.3437305337738033
2.1325 0.33971125538721103
2.1350000000000002 0.3353968210749504
2.1375 0.33079522590831517
2.14 0.3259116037497505
2.1425 0.3207470764980229
2.145 0.3153088107255879
2.1475 0.30960230682623335
2.15 0.3036332913098417
2.1525 0.2974077111582038
2.1550000000000002 0.290929088346807
2.1575 0.2842089761320109
2.16 0.27725140657195363
2.1625 0.2700660690944747
2.165 0.2626541693149701
2.1675 0.25502567826765177
2.17 0.24718791354081374
2.1725 0.2391483619373585
2.1750000000000003 0.2309113411133938
2.1775 0.22249124455087194
2.18 0.21389276859935658
2.1825 0.20512754540289108
2.185 0.19619678150549485
2.1875 0.1871123000919586
2.19 0.17788256758924145
2.1925 0.16851615981623247
2.195 0.1590217540763194
2.1975000000000002 0.14940425304898766
2.2 0.13968020689757465
2.2025 0.12985472707826345
2.205 0.11994080089688121
2.2075 0.10993955489031237
2.21 0.09986405498307611
2.2125 0.08972346236214722
2.215 0.0795269744747847
2.2175000000000002 0.06927971137280908
2.22 0.05899911577263541
2.2225 0.048690355615952065
2.225 0.038366824108855495
2.2275 0.028029510472320145
2.23 0.017691783646692105
2.2325 0.007362863065321862
2.235 -0.0029480616145064415
2.2375000000000003 -0.013235945498031485
2.24 -0.023483452757138115
2.2425 -0.03368565115652804
2.245 -0.04382950372852037
2.2475 -0.05391421170335092
2.25 -0.06392686195555287
2.2525 -0.07385869726365028
2.255 -0.08370105329536638
2.2575 -0.09344536611297516
2.2600000000000002 -0.10308701227148044
2.2625 -0.11260993771309946
2.265 -0.12200980063760274
2.2675 -0.1312748313502432
2.27 -0.14040449415793152
2.2725 -0.1493872443924269
2.275 -0.15821542122450277
2.2775 -0.16688151987953156
2.2800000000000002 -0.1753815617693534
2.2825 -0.18370157336061663
2.285 -0.19183798842162314
2.2875 -0.19978084861527115
2.29 -0.207529880063904
2.2925 -0.21507542434815122
2.295 -0.22241123676814342
2.2975 -0.22953127449753294
2.3000000000000003 -0.23643241576540514
2.3025 -0.24310351548437278
2.305 -0.24954196925635394
2.3075 -0.25574015691301144
2.31 -0.26169807688109914
2.3125 -0.2674084654930471
2.315 -0.2728668192450777
2.3175 -0.27806887008928094
2.32 -0.28301058867965195
2.3225000000000002 -0.28769000511104365
2.325 -0.2920998331267583
2.3275 -0.29623870093239185
2.33 -0.3001020713230958
2.3325 -0.3036902422761625
2.335 -0.30699907136849813
2.3375 -0.31002627228014673
2.34 -0.3127698152639078
2.3425000000000002 -0.3152288542710942
2.345 -0.3173999091696987
2.3475 -0.3192827667206243
2.35 -0.32087585369679883
2.3525 -0.32217971183122357
2.355 -0.3231931724734306
2.3575 -0.32391602243973117
2.36 -0.3243483081993543
2.3625000000000003 -0.32449033401798705
2.365 -0.3243425501287822
2.3675 -0.32390589200310355
2.37 -0.32318178309815326
2.3725 -0.32217097378644083
2.375 -0.3208752789207565
2.3775 -0.3192965313512781
2.38 -0.31743681197607426
2.3825 -0.3152984472956681
2.3850000000000002 -0.3128829861078011
2.3875 -0.310195170512171
2.39 -0.3072371363583047
2.3925 -0.30401350687031037
2.395 -0.3005252114621837
2.3975 -0.2967772239737716
2.4 -0.2927735041270682
2.4025 -0.2885182302720352
2.4050000000000002 -0.28401394532183094
2.4075 -0.27926885552664293
2.41 -0.27428601714509293
2.4125 -0.2690725709447532
2.415 -0.26362954705115355
2.4175 -0.25796438024332174
2.42 -0.2520826505578857
2.4225 -0.24599011787786995
2.4250000000000003 -0.2396901572266908
2.4275 -0.2331939113668779
2.43 -0.22650516743318322
2.4325 -0.21963313397910114
2.435 -0.21257888191149543
2.4375 -0.2053518416963429
2.44 -0.19795886877528668
2.4425 -0.19040695025512655
2.445 -0.1827031983641251
2.4475000000000002 -0.1748516765143663
2.45 -0.1668660083431233
2.4525 -0.15875053037340806
2.455 -0.1505161066178174
2.4575 -0.14216378090993098
2.46 -0.1337045449867223
2.4625 -0.12514619642054048
2.465 -0.11649660262317439
2.4675000000000002 -0.10776018489456551
2.47 -0.09895191775333412
2.4725 -0.09007635787087619
2.475 -0.0811451645302299
2.4775 -0.07215929542735444
2.48 -0.06313044766884941
2.4825 -0.05406677474087881
2.485 -0.04497644179569772
2.4875000000000003 -0.03586397220361946
2.49 -0.026744822317694122
2.4925 -0.0176235081129072
2.495 -0.008511812335492369
2.4975 5.894457811359985E-4
2.5 0.00966853600265219
2.5025 0.018717414954988392
2.505 0.027728085331023427
2.5075 0.03669260291246881
2.5100000000000002 0.04560663586295402
2.5125 0.05445523597869146
2.515 0.06323423531827639
2.5175 0.07193250666493266
2.52 0.08054943806585052
2.5225 0.08907405062876915
2.525 0.0974989622383433
2.5275 0.1058168972397056
2.5300000000000002 0.1140239504104854
2.5325 0.12210651226476799
2.535 0.1300609683329071
2.5375 0.13787743005843595
2.54 0.14555550314329815
2.5425 0.15308552214788446
2.545 0.16046112439997373
2.5475 0.16767610005531308
2.5500000000000003 0.17472718245038088
2.5525 0.18160284222563355
2.555 0.1883002115557332
2.5575 0.1948137421666605
2.56 0.20113557170840302
2.5625 0.20726557171123028
2.565 0.21319617020491086
2.5675 0.21892255286811663
2.57 0.22444009893287695
2.5725000000000002 0.22974646331992182
2.575 0.23483317840280762
2.5775 0.23969839001381696
2.58 0.24433647599864994
2.5825 0.24874754772540764
2.585 0.2529263147747451
2.5875 0.25686960322608376
2.59 0.26057445668933776
2.5925000000000002 0.26403947530001626
2.595 0.26725937218478035
2.5975 0.2702332894067799
2.6 0.2729581194574261
2.6025 0.275434202744171
2.605 0.2776587853806939
2.6075 0.27963048169624716
2.61 0.2813481348211968
2.6125000000000003 0.28281135113216677
2.615 0.28401826232699157
2.6175 0.28496903623507785
2.62 0.2856634341035209
2.6225 0.2861013223952249
2.625 0.28628327052438063
2.6275 0.2862094988966194
2.63 0.2858806813831438
2.6325 0.28529771768453543
2.6350000000000002 0.28446134714487625
2.6375 0.28337358623098025
2.64 0.2820357195052345
2.6425 0.28045021857714586
2.645 0.27861781876011216
2.6475 0.27654132469555653
2.65 0.27422316849556094
2.6525 0.2716659919859225
2.6550000000000002 0.2688714796597038
2.6575 0.26584491980290553
2.66 0.26258849530701495
2.6625 0.2591070945460931
2.665 0.25540157418039355
2.6675 0.2514771163388612
2.67 0.24733774119511295
2.6725 0.24298765101101186
2.6750000000000003 0.23842936270472656
2.6775 0.23367107674981125
2.68 0.2287157344499426
2.6825 0.22356822321623035
2.685 0.21823576077488266
2.6875 0.2127192796965662
2.69 0.20702622854281114
2.6925 0.20116210384593447
2.695 0.19513254161905438
2.6975000000000002 0.18894080514331585
2.7 0.18259774661415937
2.7025 0.1761069438078733
2.705 0.16947721653233994
2.7075 0.16270950781700966
2.71 0.15581279953761495
2.7125 0.14879354844249532
2.715 0.14165830520119307
2.7175000000000002 0.1344107895154492
2.72 0.12706351958903322
2.7225 0.1196204148232935
2.725 0.11209137003574476
2.7275 0.10447728539352133
2.73 0.09678814118209414
2.7325 0.08903097252169216
2.735 0.08121285846280585
2.7375000000000003 0.07333775697458282
2.74 0.06541911564888853
2.7425 0.05746096827496795
2.745 0.049470505306739535
2.7475 0.04145813920725055
2.75 0.033424662556398345
2.7525 0.025380483310809936
2.755 0.017332800148560305
2.7575 0.009288797754225425
2.7600000000000002 0.001252430305596827
2.7625 -0.006762735690461392
2.765 -0.014752811554466519
2.7675 -0.022707556164356456
2.77 -0.030626318347563686
2.7725 -0.03849893979273601
2.775 -0.046318509975045524
2.7775 -0.054078182109845656
2.7800000000000002 -0.06177424206830526
2.7825 -0.06939383172725395
2.785 -0.07693342194729096
2.7875 -0.08438351662910797
2.79 -0.0917436400222595
2.7925 -0.09900445100016628
2.795 -0.10615971104633252
2.7975 -0.11320329060192309
2.8000000000000003 -0.12013192028675074
2.8025 -0.1269341613350985
2.805 -0.13360703617198375
2.8075 -0.14014490202682028
2.81 -0.14653971981215913
2.8125 -0.15279123863407176
2.815 -0.15889164332465713
2.8175 -0.16483585331686398
2.82 -0.17061893940828
2.8225000000000002 -0.17623834085822918
2.825 -0.18168494792256573
2.8275 -0.18695658953100996
2.83 -0.19204698029888703
2.8325 -0.19695608071924264
2.835 -0.2016778761316538
2.8375 -0.20620860137477007
2.84 -0.21054467062339194
2.8425000000000002 -0.21468429529996
2.845 -0.21862094498460907
2.8475 -0.2223532829055675
2.85 -0.22587709837092973
2.8525 -0.22919256149824102
2.855 -0.23229576299079846
2.8575 -0.23518444037981498
2.86 -0.2378565278738919
2.8625000000000003 -0.24031109524712677
2.865 -0.24254451062138005
2.8675 -0.24455633108805927
2.87 -0.24634528958847618
2.8725 -0.2479097396862239
2.875 -0.24925007059189114
2.8775 -0.25036495075127824
2.88 -0.2512539221023456
2.8825 -0.2519167291217326
2.8850000000000002 -0.25235344795826886
2.8875 -0.25256387807934616
2.89 -0.2525485892750914
2.8925 -0.2523082730309614
2.895 -0.25184348658802674
2.8975 -0.25115522923996425
2.9 -0.25024464612679315
2.9025 -0.249113077919786
2.9050000000000002 -0.24776147506980875
2.9075 -0.24619264562394164
2.91 -0.24440800964257944
2.9125 -0.2424105134723653
2.915 -0.2402008478236757
2.9175 -0.2377822425710496
2.92 -0.23515735130131443
2.9225 -0.23232900524244113
2.9250000000000003 -0.22929895911092668
2.9275 -0.2260728145877596
2.93 -0.22265274596601156
2.9325 -0.21904226416042932
2.935 -0.21524659725104126
2.9375 -0.21126653633407083
2.94 -0.20710754727612532
2.9425 -0.20277376424920615
2.945 -0.19826946746334217
2.9475000000000002 -0.1935971782193471
2.95 -0.18876519407831446
2.9525 -0.18377637272025696
2.955 -0.17863762184250226
2.9575 -0.17334977284443281
2.96 -0.16791991702796602
2.9625 -0.1623532340370619
2.965 -0.15665501321154485
2.9675000000000002 -0.15082829435462186
2.97 -0.14488323254566396
2.9725 -0.1388231111721673
2.975 -0.1326536078251448
2.9775 -0.12638301332323085
2.98 -0.120012147551377
2.9825 -0.11354941302012403
2.985 -0.10700079119591144
2.9875000000000003 -0.1003696593607157
2.99 -0.09366742300108923
2.9925 -0.08689759821718834
2.995 -0.08006638257949415
2.9975 -0.07318277840411004
3.0 -0.06624754643370738
3.0025 -0.059269731188342396
3.005 -0.05225565624881256
3.0075000000000003 -0.04520883975619796
3.0100000000000002 -0.03814127150753923
3.0125 -0.031056497852439184
3.015 -0.023960877402497485
3.0175 -0.016863603419717103
3.02 -0.009765335765262253
3.0225 -0.0026752393506108097
3.025 0.004400382810386351
3.0275 0.01145525559919511
3.0300000000000002 0.018485942245346054
3.0325 0.025480615606491307
3.035 0.03243593423212271
3.0375 0.03934578944621472
3.04 0.04620139540460951
3.0425 0.05300224749700452
3.045 0.059739663912433134
3.0475 0.06640778754768627
3.0500000000000003 0.07300345845340347
3.0525 0.07951569962771955
3.055 0.08594154861108987
3.0575 0.09227548072329221
3.06 0.09850959192728848
3.0625 0.10464354340362794
3.065 0.11066959501318521
3.0675 0.11658262973066862
3.0700000000000003 0.12237993721511223
3.0725000000000002 0.1280519929350977
3.075 0.1335963731565825
3.0775 0.1390084373999364
3.08 0.14428159205811006
3.0825 0.1494156800614532
3.085 0.15440432120326525
3.0875 0.15924341283185162
3.09 0.16392899540902567
3.0925000000000002 0.16845903503385393
3.095 0.1728262440549108
3.0975 0.17702895392979
3.1 0.1810638081497384
3.1025 0.18492609695697407
3.105 0.18861587369496036
3.1075 0.19212868211118134
3.11 0.19546181055300685
3.1125000000000003 0.19861393762092888
3.115 0.2015801654317862
3.1175 0.20435958484376743
3.12 0.20695016158762494
3.1225 0.20934911303481346
3.125 0.21155667308762938
3.1275 0.2135703324687352
3.13 0.2153887566243265
3.1325000000000003 0.21701139765284405
3.1350000000000002 0.2184359782671157
3.1375 0.2196623856138912
3.14 0.22068999731482358
3.1425 0.221518078267586
3.145 0.22214702635044722
3.1475 0.22257638388508896
3.15 0.2228062426158092
3.1525 0.22283687196761215
3.1550000000000002 0.22266861142672956
3.1575 0.2223022184322906
3.16 0.2217384633642826
3.1625 0.220978318255127
3.165 0.22002334897233372
3.1675 0.21887410699310317
3.17 0.21753242145662635
3.1725 0.21599994640253461
3.1750000000000003 0.2142777759424041
3.1775 0.21236927237573364
3.18 0.21027593128194788
3.1825 0.20800005888703435
3.185 0.20554513673280475
3.1875 0.20291181741637226
3.19 0.20010381762991789
3.1925 0.1971240567284129
3.1950000000000003 0.19397430757733436
3.1975000000000002 0.1906602987845553
3.2 0.18718415319670978
3.2025 0.18354935614561815
3.205 0.1797610725802692
3.2075 0.17582001754713386
3.21 0.1717315503080425
3.2125 0.16749966720556353
3.215 0.16312848296727492
3.2175000000000002 0.15862039780270074
3.22 0.15398335775885197
3.2225 0.1492200329042498
3.225 0.14433497113183605
3.2275 0.13933484171790964
3.23 0.1342203803619642
3.2325 0.12899839269581526
3.235 0.12367379100869788
3.2375000000000003 0.11824937966460361
3.24 0.11273456545443118
3.2425 0.10713233647441002
3.245 0.1014478962618925
3.2475 0.09568882852143161
3.25 0.0898558429420993
3.2525 0.08395660080652567
3.255 0.07799652019429067
3.2575000000000003 0.07197864402053834
3.2600000000000002 0.06591328234790529
3.2625 0.05980356697166782
3.265 0.05365505157277272
3.2675 0.047475789818775496
3.27 0.041266425900045284
3.2725 0.035035029023451396
3.275 0.028787208299411803
3.2775 0.022528574145822607
3.2800000000000002 0.016262227451114428
3.2825 0.009998779181748872
3.285 0.003741308831359161
3.2875 -0.002504617847421053
3.29 -0.008730971246101468
3.2925 -0.014937222463371123
3.295 -0.02111539561714492
3.2975 -0.02726004821927371
3.3000000000000003 -0.03336821440486227
3.3025 -0.039429655712151665
3.305 -0.04544152269257325
3.3075 -0.05139857227489547
3.31 -0.05729327659670445
3.3125 -0.06312523910344574
3.315 -0.06888704293183445
3.3175 -0.07457371694760985
3.3200000000000003 -0.08018259483846354
3.3225000000000002 -0.08570438038409874
3.325 -0.09113661035929618
3.3275 -0.09647465364505335
3.33 -0.10171189872703107
3.3325 -0.10684810123973366
3.335 -0.11187681060724368
3.3375 -0.1167937981961095
3.34 -0.12159494505387762
3.3425000000000002 -0.126278093339615
3.345 -0.13083560729694937
3.3475 -0.1352656138424457
3.35 -0.1395644658160965
3.3525 -0.1437270033955435
3.355 -0.14775316598391477
3.3575 -0.15163799880579165
3.36 -0.15537837371715535
3.3625000000000003 -0.1589727061127973
3.365 -0.16241526746503354
3.3675 -0.16570481219990543
3.37 -0.1688387707997035
3.3725 -0.17181356011642743
3.375 -0.17462928366521102
3.3775 -0.1772825895884751
3.38 -0.17977149807616805
3.3825000000000003 -0.18209507620990495
3.3850000000000002 -0.18424978941478157
3.3875 -0.18623507795480393
3.39 -0.18804957437273298
3.3925 -0.18969206676334827
3.395 -0.19116094643426138
3.3975 -0.19245649041778093
3.4 -0.19357733463823948
3.4025 -0.19452289503234438
3.4050000000000002 -0.19529301797423065
3.4075 -0.19588681888486262
3.41 -0.19630452981379085
3.4125 -0.1965461970079318
3.415 -0.1966120323682571
3.4175 -0.19650244787258153
3.42 -0.19621789703108852
3.4225 -0.1957590496459401
3.4250000000000003 -0.1951264418404433
3.4275 -0.1943215562213203
3.43 -0.19334530240686096
3.4325 -0.1921989584546326
3.435 -0.19088451057468112
3.4375 -0.1894024799364549
3.44 -0.18775507779784562
3.4425 -0.18594416643904926
3.4450000000000003 -0.1839709285182715
3.4475000000000002 -0.18183908564889942
3.45 -0.17955016099334806
3.4525 -0.1771065691835805
3.455 -0.17451085703089117
3.4575 -0.17176682851041675
3.46 -0.16887508986595665
3.4625 -0.1658396367948402
3.465 -0.16266351784325653
3.4675000000000002 -0.1593485472199656
3.47 -0.15590065877213852
3.4725 -0.1523219480664266
3.475 -0.1486159174307689
3.4775 -0.14478773053848396
3.48 -0.1408380316322746
3.4825 -0.1367721355260832
3.485 -0.13259394420765042
3.4875000000000003 -0.12830571479779013
3.49 -0.12391495781285412
3.4925 -0.11942414323442498
3.495 -0.11483751358331161
3.4975 -0.11016127569321073
3.5 -0.10539607479664415
3.5025 -0.1005482205377508
3.505 -0.09562223243371365
3.5075000000000003 -0.0906206750107977
3.5100000000000002 -0.08555218261839102
3.5125 -0.08041945344756028
3.515 -0.07522721725312978
3.5175 -0.0699802456069771
3.52 -0.0646854756399464
3.5225 -0.05934351034091867
3.525 -0.05396132959947315
3.5275 -0.04854382849227604
3.5300000000000002 -0.043093737363192074
3.5325 -0.037620346546470826
3.535 -0.03212642398480639
3.5375 -0.026616917591584553
3.54 -0.021098986933401415
3.5425 -0.015573162006863287
3.545 -0.010046590134519829
3.5475 -0.004524201296977744
3.5500000000000003 9.912928210018311E-4
3.5525 0.006490585232998325
3.555 0.011971012800320627
3.5575 0.01742773332628894
3.56 0.02285377232569054
3.5625 0.028248701273482488
3.565 0.033605611203854246
3.5675 0.03891981561190776
3.5700000000000003 0.04418877387760586
3.5725000000000002 0.04940368696802996
3.575 0.05456214459415531
3.5775 0.05965968105757077
3.58 0.06469189560420745
3.5825 0.06965248566526264
3.585 0.07454116307949742
3.5875 0.07935174498268906
3.59 0.08408012734608579
3.5925000000000002 0.08872412828566897
3.595 0.09327609826939197
3.5975 0.09773406692797533
3.6 0.10209428249123548
3.6025 0.10635140650796711
3.605 0.11050529064812184
3.6075 0.11455075631791442
3.61 0.11848445387118252
3.6125000000000003 0.12230464533609998
3.615 0.12600514301305424
3.6175 0.12958447867876327
3.62 0.13303974865211743
3.6225 0.13636686114207244
3.625 0.13956581336761706
3.6275 0.14263270378517942
3.63 0.14556511159502838
3.6325000000000003 0.14836183226806127
3.6350000000000002 0.15101846093060256
3.6375 0.15353410474148954
3.64 0.1559068556820618
3.6425 0.15813493769253642
3.645 0.1602159046900311
3.6475 0.16214991413614488
3.65 0.16393473083796697
3.6525 0.165569117994461
3.6550000000000002 0.16705253858026217
3.6575 0.16838284406085577
3.66 0.16955983428614924
3.6625 0.17058282427469995
3.665 0.17145095157864773
3.6675 0.17216450417123672
3.67 0.1727228358954893
3.6725 0.1731258179771271
3.6750000000000003 0.17337352846974002
3.6775 0.17346591791994548
3.68 0.17340340308371935
3.6825 0.17318640806085234
3.685 0.17281567274607915
3.6875 0.17229159693963111
3.69 0.17161512994180878
3.6925 0.17078723735535528
3.6950000000000003 0.16980859631175765
3.6975000000000002 0.16868121962344101
3.7 0.167406105836763
3.7025 0.16598474331800223
3.705 0.16441874730842562
3.7075 0.16271057006079864
3.71 0.16086070749856077
3.7125 0.15887179964534567
3.715 0.15674595070968383
3.7175000000000002 0.15448445113643652
3.72 0.15209144637383729
3.7225 0.1495685076856866
3.725 0.14691819382499177
3.7275 0.14414430561942995
3.73 0.14124739324515817
3.7325 0.1382314151653594
3.735 0.1350993439465636
3.7375000000000003 0.13185292837719176
3.74 0.1284979281342787
3.7425 0.12503632056026873
3.745 0.12147144597713613
3.7475 0.11780672884994804
3.75 0.11404719773962227
3.7525 0.11019342553400012
3.755 0.10625055470417935
3.7575000000000003 0.1022206852203525
3.7600000000000002 0.09811083607384309
3.7625 0.09392327163481973
3.765 0.08966191087843925
3.7675 0.08533072926707481
3.77 0.08093552647213147
3.7725 0.0764768609164378
3.775 0.07196060117666929
3.7775 0.06739091148827289
3.7800000000000002 0.06277013697689161
3.7825 0.05810621008651031
3.785 0.05340155875382707
3.7875 0.04866047509325802
3.79 0.04388918862541309
3.7925 0.039088212123308
3.795 0.03426379597532507
3.7975 0.02942029799138657
3.8000000000000003 0.024560136986455105
3.8025 0.01969156819915249
3.805 0.014817017046446689
3.8075 0.009940844532686788
3.81 0.005067402737818689
3.8125 2.0297551636456356E-4
3.815 -0.004652008994855011
3.8175 -0.009491300300344252
3.8200000000000003 -0.014312543545416332
3.8225000000000002 -0.01910763182993074
3.825 -0.02387427884039897
3.8275 -0.028608301651162998
3.83 -0.03330555637526642
3.8325 -0.037960087925247056
3.835 -0.04257156770927144
3.8375 -0.047134119357629185
3.84 -0.05164379065899653
3.8425000000000002 -0.05609845523968953
3.845 -0.06049071376092765
3.8475 -0.0648185864198751
3.85 -0.06907836703285429
3.8525 -0.0732647585455669
3.855 -0.07737754854375661
3.8575 -0.08141155875945262
3.86 -0.08536337928255544
3.8625000000000003 -0.089231210577217
3.865 -0.09300871421477391
3.8675 -0.09669429659780834
3.87 -0.10028488976909117
3.8725 -0.1037775177714527
3.875 -0.10716796290585504
3.8775 -0.11045615478016986
3.88 -0.11363803056650108
3.8825000000000003 -0.11671221277418041
3.8850000000000002 -0.11967376093298739
3.8875 -0.12252155013708821
3.89 -0.12525331144252472
3.8925 -0.1278668847661983
3.895 -0.13035924751872857
3.8975 -0.13273045754947024
3.9 -0.13497766938065356
3.9025000000000003 -0.13709999720283736
3.9050000000000002 -0.13909415044247853
3.9075 -0.14095952741245557
3.91 -0.14269477092460353
3.9125 -0.14429864306184864
3.915 -0.1457694640694421
3.9175 -0.14710741435998986
3.92 -0.14831100313398327
3.9225 -0.14937947662038029
3.9250000000000003 -0.15031254918525908
3.9275 -0.15110896558250986
3.93 -0.15176873990043846
3.9325 -0.15229160872616987
3.935 -0.1526774313558075
3.9375 -0.15292611751690258
3.94 -0.15303797028510668
3.9425 -0.1530130886775554
3.9450000000000003 -0.15285172829105484
3.9475000000000002 -0.15255448647091344
3.95 -0.15212191421499605
3.9525 -0.15155471906853363
3.955 -0.15085372694139162
3.9575 -0.1500202410512437
3.96 -0.14905465344940755
3.9625 -0.147958445602291
3.9650000000000003 -0.14673238972802763
3.9675000000000002 -0.14537886716209977
3.97 -0.1438989246431928
3.9725 -0.14229418249836087
3.975 -0.14056636848905743
3.9775 -0.13871807961923843
3.98 -0.13674977315180645
3.9825 -0.13466420346559196
3.985 -0.13246350916876778
3.9875000000000003 -0.13014897873208994
3.99 -0.1277247953665611
3.9925 -0.12519248066575706
3.995 -0.12255454989824223
3.9975 -0.11981360653232631
4.0 -0.11697349590144898
4.0025 -0.11403352161894752
4.005 -0.11100123682646816
4.0075 -0.10787471973737195
4.01 -0.10466197428899886
4.0125 -0.10136227340008808
4.015 -0.09798003133166795
4.0175 -0.09451846040526375
4.0200000000000005 -0.09097940622006595
4.0225 -0.08737049369939724
4.025 -0.08368934045920774
4.0275 -0.07994527828139626
4.03 -0.07613734799744533
4.0325 -0.07227057887182407
4.035 -0.06834855893008697
4.0375 -0.06437491693442604
4.04 -0.06035331905092588
4.0425 -0.05628583079209112
4.045 -0.05218108713282496
4.0475 -0.0480362780070894
4.05 -0.04386181243706382
4.0525 -0.03965650050302273
4.055 -0.0354258257077346
4.0575 -0.03117362097803442
4.0600000000000005 -0.026902018343124893
4.0625 -0.02262000039376693
4.065 -0.01832456804449741
4.0675 -0.014026441755459407
4.07 -0.009722592702446355
4.0725 -0.005423744001524719
4.075 -0.0011285645028740808
4.0775 0.003157407679250561
4.08 0.0074303725136286945
4.0825000000000005 0.011688249214979157
4.085 0.015922186511817083
4.0875 0.020135231240656776
4.09 0.024316949520239516
4.0925 0.02846871498753428
4.095 0.032585221416174794
4.0975 0.03666288184196662
4.1 0.040698152470417887
4.1025 0.044687535734188065
4.105 0.04862914899509729
4.1075 0.052514899036760196
4.11 0.056347662737518886
4.1125 0.060118028797756816
4.115 0.06382733737587998
4.1175 0.06747090874342064
4.12 0.0710456501414371
4.1225000000000005 0.0745499239251202
4.125 0.0779766181867169
4.1275 0.08132833727766249
4.13 0.08459691918989036
4.1325 0.08778486983733096
4.135 0.09088444817421495
4.1375 0.0938968662754239
4.14 0.09681839046063606
4.1425 0.09964663166252286
4.1450000000000005 0.10238036331904755
4.1475 0.10501415500788089
4.15 0.10755010433109312
4.1525 0.10998213357601408
4.155 0.11231129669322126
4.1575 0.11453476995391917
4.16 0.11665082194692832
4.1625 0.11865782116892734
4.165 0.1205542372417329
4.1675 0.12233933320700134
4.17 0.1240097107041573
4.1725 0.1255668221429641
4.175 0.12700706217984112
4.1775 0.12833121963422586
4.18 0.1295377916479865
4.1825 0.13062598189729344
4.1850000000000005 0.131595465259458
4.1875 0.13244456945630453
4.19 0.13317418039719167
4.1925 0.1337827666604825
4.195 0.13427104584288024
4.1975 0.13463808897709512
4.2 0.1348843692695728
4.2025 0.13500978361785163
4.205 0.1350145075985966
4.2075000000000005 0.13489875367788387
4.21 0.1346631222849902
4.2125 0.13430773212251873
4.215 0.1338337522693455
4.2175 0.13324139054237344
4.22 0.1325316222055492
4.2225 0.13170535936605968
4.225 0.13076361584367827
4.2275 0.12970750602484915
4.23 0.1285377534570481
4.2325 0.12725714039408018
4.235 0.12586502615348072
4.2375 0.12436513991944888
4.24 0.12275734319031692
4.2425 0.12104390342653003
4.245 0.11922659976508691
4.2475000000000005 0.11730651186115038
4.25 0.1152879573605384
4.2525 0.11316974498878611
4.255 0.11095738256192561
4.2575 0.10864953167724578
4.26 0.10625216212564223
4.2625 0.10376480627900862
4.265 0.10119083513475632
4.2675 0.09853274994380602
4.2700000000000005 0.09579200919896802
4.2725 0.09297458526477197
4.275 0.09007867091821517
4.2775 0.08711165884655993
4.28 0.0840728521782335
4.2825 0.08096630141722914
4.285 0.07779493785651408
4.2875000000000005 0.07456043836800202
4.29 0.07126974885275857
4.2925 0.06792067914121343
4.295 0.0645217017180184
4.2975 0.0610705350023722
4.3 0.05757589081298634
4.3025 0.054036828519149836
4.305 0.05045799570514735
4.3075 0.046842678292000645
4.3100000000000005 0.04319272133129881
4.3125 0.03951585394460215
4.315 0.0358095436185445
4.3175 0.032083082977701904
4.32 0.028333888409875205
4.3225 0.024571343299387146
4.325 0.020794335323336712
4.3275 0.017007765943524936
4.33 0.013215034490149602
4.3325000000000005 0.009418019405564021
4.335 0.005624666718120445
4.3375 0.0018322889453005718
4.34 -0.0019496794441347558
4.3425 -0.0057239339394744414
4.345 -0.009481101191900243
4.3475 -0.01322238246622209
4.3500000000000005 -0.016944460068042972
4.3525 -0.020639614444788353
4.355 -0.02431051905402184
4.3575 -0.02794809703437731
4.36 -0.031554996413336735
4.3625 -0.03512231488270809
4.365 -0.0386512625227259
4.3675 -0.04213735207618384
4.37 -0.045577576809997425
4.3725000000000005 -0.04897032444207901
4.375 -0.05230864765458257
4.3775 -0.05559503332464617
4.38 -0.05882142724216307
4.3825 -0.06199025048311634
4.385 -0.06509375476808497
4.3875 -0.06813308476293037
4.39 -0.07110443115798082
4.3925 -0.07400530597858164
4.3950000000000005 -0.07683440630179379
4.3975 -0.07958603478063811
4.4 -0.0822623187956085
4.4025 -0.08485677793973818
4.405 -0.08737143895702702
4.4075 -0.0898002342052418
4.41 -0.09214416291172886
4.4125000000000005 -0.09440123494432107
4.415 -0.09656699301035447
4.4175 -0.09864318368319813
4.42 -0.10062485361868034
4.4225 -0.1025136270181913
4.425 -0.10430502481394961
4.4275 -0.10599988532350568
4.43 -0.10759619238028503
4.4325 -0.10909275686544288
4.4350000000000005 -0.11048901940775475
4.4375 -0.11178236126082693
4.44 -0.11297394052294608
4.4425 -0.1140610340738479
4.445 -0.11504465808636789
4.4475 -0.11592261096545978
4.45 -0.1166954760293146
4.4525 -0.11736244252421169
4.455 -0.11792316751750129
4.4575000000000005 -0.11837756399534506
4.46 -0.11872499903254248
4.4625 -0.11896597236120082
4.465 -0.11910013747996849
4.4675 -0.11912784315055862
4.47 -0.11904927355214402
4.4725 -0.11886472092257397
4.4750000000000005 -0.11857447493142115
4.4775 -0.11817945657896642
4.48 -0.11767963608879325
4.4825 -0.11707650637260252
4.485 -0.11636988721113457
4.4875 -0.11556178298375501
4.49 -0.11465224829499329
4.4925 -0.11364263769270913
4.495 -0.11253408945073165
4.4975000000000005 -0.11132732547800653
4.5 -0.11002515944242802
4.5025 -0.10862689867719365
4.505 -0.10713625103047401
4.5075 -0.10555238356350488
4.51 -0.1038794591445842
4.5125 -0.10211723058987493
4.515 -0.10026813161750574
4.5175 -0.09833401769552008
4.5200000000000005 -0.09631599244906038
4.5225 -0.09421852197735119
4.525 -0.0920403140396587
4.5275 -0.08978698075670623
4.53 -0.0874571095474809
4.5325 -0.08505667994001362
4.535 -0.08258516693992017
4.5375000000000005 -0.08004485851875709
4.54 -0.07744126701652884
4.5425 -0.07477270434450706
4.545 -0.07204596531430343
4.5475 -0.06925926272832332
4.55 -0.06641967346613267
4.5525 -0.06352648547234999
4.555 -0.06058352890409075
4.5575 -0.05759354642788649
4.5600000000000005 -0.05455809395147618
4.5625 -0.05148364891858079
4.565 -0.04836813296612482
4.5675 -0.04521939625882967
4.57 -0.04203529424382615
4.5725 -0.038823834186578435
4.575 -0.03558411419029389
4.5775 -0.0323203666755546
4.58 -0.029035559156729254
4.5825000000000005 -0.025731346496938746
4.585 -0.022414690095934144
4.5875 -0.01908327740696362
4.59 -0.015745433256380174
4.5925 -0.01239881583640503
4.595 -0.009051773582797119
4.5975 -0.005703282926464399
4.6000000000000005 -0.0023563317333550726
4.6025 9.820916387682339E-4
4.605 0.004314364983766985
4.6075 0.007632211041067882
4.61 0.010938007103799503
4.6125 0.014223555824213963
4.615 0.017489923466923844
4.6175 0.0207329276029578
4.62 0.02394973190855604
4.6225000000000005 0.027138799112317688
4.625 0.03029354870301413
4.6275 0.033416290103408436
4.63 0.03649932892408167
4.6325 0.03954493675426096
4.635 0.04254562403371556
4.6375 0.045502443237207923
4.64 0.04841165544617976
4.6425 0.051270779638435134
4.6450000000000005 0.054078497171803235
4.6475 0.056829094754407845
4.65 0.05952465063667141
4.6525 0.062158588183979055
4.655 0.06473291396262827
4.6575 0.06724136386759737
4.66 0.06968490202207557
4.6625000000000005 0.07206142591125707
4.665 0.07436616960909109
4.6675 0.07660093138080154
4.67 0.0787603167339249
4.6725 0.08084602983795697
4.675 0.08285305586081784
4.6775 0.08478224352288434
4.68 0.08663124090217786
4.6825 0.08839858988200082
4.6850000000000005 0.09008356555938826
4.6875 0.09168289260511533
4.69 0.09319790411925968
4.6925 0.09462503068432526
4.695 0.09596548911518561
4.6975 0.09721614993820137
4.7 0.09837766334871062
4.7025 0.0994486885316044
4.705 0.10042848559847536
4.7075000000000005 0.10131673447235251
4.71 0.10211185176940686
4.7125 0.10281462047294888
4.715 0.10342351141453401
4.7175 0.1039391778436208
4.72 0.10436055825147729
4.7225 0.10468806227378391
4.7250000000000005 0.10492150864326295
4.7275 0.10506068955411782
4.73 0.10510592748017784
4.7325 0.10505733321465027
4.735 0.10491509559873148
4.7375 0.10467979121913723
4.74 0.10435162501198281
4.7425 0.10393118579494406
4.745 0.10341906790578259
4.7475000000000005 0.10281568666264555
4.75 0.10212257436561713
4.7525 0.10133945495953997
4.755 0.10046849112768451
4.7575 0.09950927673362168
4.76 0.0984644084712657
4.7625 0.09733382133356766
4.765 0.09611912727594422
4.7675 0.09482160947773959
4.7700000000000005 0.09344205421542714
4.7725 0.09198358802622808
4.775 0.09044536864781944
4.7775 0.08883141334118304
4.78 0.08714076249043484
4.7825 0.08537780539042034
4.785 0.08354221743689157
4.7875000000000005 0.08163572131507073
4.79 0.07966251139984377
4.7925 0.07762135292158154
4.795 0.07551748656590657
4.7975 0.07334957576971876
4.8 0.07112316734101395
4.8025 0.06883775367398709
4.805 0.0664963899681475
4.8075 0.06410129713139166
4.8100000000000005 0.06165375008772555
4.8125 0.0591590187300487
4.815 0.0566154535569494
4.8175 0.05402949997314451
4.82 0.05139943265242909
4.8225 0.04873190102509378
4.825 0.046026199818354506
4.8275 0.04328588971656051
4.83 0.04051349663166559
4.8325000000000005 0.037710442740280174
4.835 0.03488267584831846
4.8375 0.032028257830257464
4.84 0.029154354861279232
4.8425 0.02625898380204016
4.845 0.02334940041015551
4.8475 0.020424756096586345
4.8500000000000005 0.017487676810844118
4.8525 0.014544336138603764
4.855 0.011592670456259625
4.8575 0.008640044353172713
4.86 0.0056843750415239876
4.8625 0.0027330245149815445
4.865 -2.1492375628753266E-4
4.8675 -0.003155670322089809
4.87 -0.006086609958671228
4.8725000000000005 -0.009006316975107762
4.875 -0.011908724524437943
4.8775 -0.014795923358118827
4.88 -0.01766076525766999
4.8825 -0.020505326474577503
4.885 -0.02332257694717972
4.8875 -0.026113460573492796
4.89 -0.028874421508693515
4.8925 -0.031603068878287593
4.8950000000000005 -0.034298116651540235
4.8975 -0.03695403394341653
4.9 -0.03957278935982477
4.9025 -0.042147954861529634
4.905 -0.044681452635199244
4.9075 -0.04716707750621411
4.91 -0.04960573302872921
4.9125000000000005 -0.05199529986561161
4.915 -0.054330931487543324
4.9175 -0.05661440553206177
4.92 -0.05884016391358261
4.9225 -0.061009915670748295
4.925 -0.06311839485112729
4.9275 -0.06516642941028492
4.93 -0.0671514830658878
4.9325 -0.06907193545299457
4.9350000000000005 -0.07092695594445535
4.9375 -0.07271286350573056
4.94 -0.074431083669285
4.9425 -0.07607750182663725
4.945 -0.07765345140158497
4.9475 -0.07915517841816483
4.95 -0.08058336359159979
4.9525 -0.08193629410041697
4.955 -0.08321294244851836
4.9575000000000005 -0.08441281579521838
4.96 -0.08553363569572967
4.9625 -0.0865763816550883
4.965 -0.08753864458055328
4.9675 -0.0884212954080536
4.97 -0.08922232707572374
4.9725 -0.0899422277660035
4.9750000000000005 -0.09058045123265204
4.9775 -0.09113590710243032
4.98 -0.09160918446741217
4.9825 -0.09199930103467999
4.985 -0.09230673007289085
4.9875 -0.092530903189109
4.99 -0.09267213680831798
4.9925 -0.0927303961501508
4.995 -0.09270582657113041
4.9975000000000005 -0.09259858757913966
