0.0 1.0
0.0025 0.9977718715274339
0.005 0.9946624738288794
0.0075 0.9906777197708379
0.01 0.985824281256667
0.0125 0.9801071234375042
0.015 0.973541781107593
0.0175 0.9661266449661379
0.02 0.9578831847083933
0.0225 0.9488123276938828
0.025 0.9389241140477899
0.0275 0.9282425961637321
0.03 0.9167678101413067
0.0325 0.9045169104904647
0.035 0.8914982261039968
0.0375 0.8777421405198348
0.04 0.8632475170255245
0.0425 0.8480290166791117
0.045 0.8321214342150762
0.0475 0.8155227739260662
0.05 0.7982494586979918
0.0525 0.7803403695301453
0.055 0.7617926768165634
0.0575 0.7426244153182853
0.06 0.7228781981914418
0.0625 0.7025503934207097
0.065 0.681668947031708
0.0675 0.6602457726668153
0.07 0.638318994080391
0.0725 0.6159105795528578
0.075 0.5930243156980225
0.0775 0.5696911409500842
0.08 0.5459334431093388
0.0825 0.521764167341094
0.085 0.4972256126068954
0.08750000000000001 0.47233141335627027
0.09 0.4471151770343367
0.0925 0.4215803807137926
0.095 0.3957609066357114
0.0975 0.3696702990542868
0.1 0.3433536020747508
0.10250000000000001 0.31682473065529676
0.105 0.2901188047151258
0.1075 0.2632389221365592
0.11 0.23622027122535036
0.1125 0.20907655305831077
0.115 0.18185407007264354
0.11750000000000001 0.15456657046482966
0.12 0.12724954070443065
0.1225 0.09990560927279464
0.125 0.07257012682350354
0.1275 0.04526742467829664
0.13 0.01802171820540952
0.1325 -0.00914291434775291
0.135 -0.03621335249872906
0.1375 -0.06314419936807017
0.14 -0.08992275952738854
0.14250000000000002 -0.11652571075663912
0.145 -0.14291945154955057
0.1475 -0.16910228968730456
0.15 -0.19504107762988873
0.1525 -0.22071356869319655
0.155 -0.2460978328248817
0.1575 -0.2711722750195844
0.16 -0.2959156533701376
0.1625 -0.32030709673944835
0.165 -0.3443356524432773
0.1675 -0.3679620205446314
0.17 -0.39117622783292383
0.17250000000000001 -0.41395905507367964
0.17500000000000002 -0.436291735993641
0.1775 -0.45814732273770625
0.18 -0.4795254971187348
0.1825 -0.500400099683669
0.185 -0.5207543221281028
0.1875 -0.5405718798309356
0.19 -0.5598370245003622
0.1925 -0.5785345562967684
0.195 -0.59665696314198
0.1975 -0.6141756796302535
0.2 -0.6310845823617667
0.2025 -0.6473707760099582
0.20500000000000002 -0.6630219661777713
0.20750000000000002 -0.6780264682121127
0.21 -0.6923676096553252
0.2125 -0.7060464303393735
0.215 -0.7190472506821037
0.2175 -0.7313609013219046
0.22 -0.7429788579912598
0.2225 -0.753893246813877
0.225 -0.7641007873328172
0.2275 -0.7735867551279196
0.23 -0.7823494775509013
0.2325 -0.7903837235306548
0.23500000000000001 -0.7976849298631629
0.23750000000000002 -0.8042492028973308
0.24 -0.810071138305919
0.2425 -0.8151528443199423
0.245 -0.8194899618435172
0.2475 -0.8230812799947331
0.25 -0.8259262568652707
0.2525 -0.8280250176186916
0.255 -0.8293783520008621
0.2575 -0.8299877112669799
0.26 -0.8298552045299982
0.2625 -0.8289835945358187
0.265 -0.8273762928709907
0.2675 -0.8250373546092828
0.27 -0.8219701012933769
0.2725 -0.8181823114223838
0.275 -0.813678851795764
0.2775 -0.8084662871703459
0.28 -0.8025517908554514
0.28250000000000003 -0.7959431361506666
0.28500000000000003 -0.7886486872793671
0.28750000000000003 -0.7806773898279679
0.29 -0.7720423482413001
0.2925 -0.762746725956968
0.295 -0.7528044728669698
0.2975 -0.7422267546711183
0.3 -0.7310252635921136
0.3025 -0.7192122060784668
0.305 -0.7068002900929429
0.3075 -0.6938027119994146
0.31 -0.6802331430611613
0.3125 -0.6661057155643434
0.315 -0.6514350085791955
0.3175 -0.6362360333749616
0.32 -0.6205242185010417
0.3225 -0.6043153945494916
0.325 -0.5876257786135736
0.3275 -0.5704650063000711
0.33 -0.5528637487844346
0.3325 -0.5348325168900442
0.335 -0.5163889128731297
0.3375 -0.4975508437469653
0.34 -0.4783365042366567
0.3425 -0.4587643595386746
0.34500000000000003 -0.4388531279001464
0.34750000000000003 -0.41862176303519205
0.35000000000000003 -0.3980894363939912
0.3525 -0.3772838985635691
0.355 -0.3562080451247732
0.3575 -0.33488986358577266
0.36 -0.31334921660614823
0.3625 -0.29160609429980905
0.365 -0.26968059596546884
0.3675 -0.24759291178492773
0.37 -0.22536330450561917
0.3725 -0.20301209112378288
0.375 -0.18055962458458402
0.3775 -0.15802627551543136
0.38 -0.13543241400866418
0.3825 -0.1127983914696453
0.385 -0.09014452254624894
0.3875 -0.06748200855208254
0.39 -0.04484916628746564
0.3925 -0.02225702990152461
0.395 2.7441156226480314E-4
0.3975 0.022725294408903057
0.4 0.04507589754749999
0.4025 0.06730665955833649
0.405 0.08939819555675577
0.40750000000000003 0.11133131383965329
0.41000000000000003 0.1330870323004212
0.41250000000000003 0.15464659459858593
0.41500000000000004 0.17599148607065485
0.4175 0.19709505355635598
0.42 0.217956207924717
0.4225 0.23854875950640841
0.425 0.25885531369510556
0.4275 0.2788587927734291
0.43 0.29854245000291557
0.4325 0.3178898833687745
0.435 0.3368850489684051
0.4375 0.3555122740333468
0.44 0.37375626957347363
0.4425 0.3916021426345113
0.445 0.40903540815880274
0.4475 0.42604871587471516
0.45 0.44261482080621267
0.4525 0.45872741768809383
0.455 0.47437376359427885
0.4575 0.48954157654676717
0.46 0.5042190448180819
0.4625 0.5183948357814969
0.465 0.5320581043027026
0.4675 0.5451985006671616
0.47000000000000003 0.5578061780376238
0.47250000000000003 0.5698717994368258
0.47500000000000003 0.5813865442511257
0.47750000000000004 0.5923421142508889
0.48 0.6027266979991623
0.4825 0.6125413714393038
0.485 0.621775165127476
0.4875 0.6304219205675485
0.49 0.6384760243842301
0.4925 0.6459324113824181
0.495 0.6527865671071096
0.4975 0.65903452990333
0.5 0.6646728924761311
0.5025000000000001 0.6697006904508301
0.505 0.6741099654349558
0.5075000000000001 0.6779060344280996
0.51 0.6810816426585837
0.5125 0.6836403436224922
0.515 0.6855806667026222
0.5175 0.6869030869964584
0.52 0.6876086285811325
0.5225 0.6876988616431745
0.525 0.6871758991325646
0.5275 0.6860423929447667
0.53 0.6843015296360994
0.5325 0.6819570256778711
0.535 0.6790131222551745
0.5375 0.6754745796166165
0.54 0.6713449026521001
0.5425 0.6666351760120195
0.545 0.661344143714954
0.5475 0.6554870357726075
0.55 0.6490617366072681
0.5525 0.6420862502654562
0.555 0.6345576152166523
0.5575 0.6264965257486581
0.56 0.6178991909335828
0.5625 0.6087889025315888
0.5650000000000001 0.5991610596062423
0.5675 0.5890414500408836
0.5700000000000001 0.5784246850229058
0.5725 0.5673389390505866
0.5750000000000001 0.5557780602129636
0.5775 0.5437724924036912
0.58 0.5313204154756499
0.5825 0.5184392156211196
0.585 0.5051419021550395
0.5875 0.4914418088549296
0.59 0.4773525809201633
0.5925 0.46288816170144526
0.595 0.44806277921209525
0.5975 0.43288479633389804
0.6 0.41738737742439935
0.6025 0.40156072381206404
0.605 0.38544536779486116
0.6075 0.36903096500928617
0.61 0.3523594018088512
0.6125 0.33541982882235666
0.615 0.31825532780602694
0.6175 0.3008545865721254
0.62 0.28326172050330295
0.6225 0.26546499813282654
0.625 0.2475094041678566
0.6275000000000001 0.22938283258175635
0.63 0.2111309711804198
0.6325000000000001 0.19274138511090966
0.635 0.17426029773413457
0.6375000000000001 0.15567499194858203
0.64 0.137032058413412
0.6425 0.11832603631956466
0.645 0.09958124138702534
0.6475 0.08081451697390096
0.65 0.06204266593580986
0.6525 0.04328243579559288
0.655 0.02454301912123473
0.6575 0.005863463382494983
0.66 -0.01276962826542684
0.6625 -0.031310083432468216
0.665 -0.0497713176517253
0.6675 -0.06810770268318908
0.67 -0.08633262488887784
0.6725 -0.10440115863391626
0.675 -0.12232661369429478
0.6775 -0.14006492186794706
0.68 -0.15762926953987977
0.6825 -0.17497659661614046
0.685 -0.19211992005778644
0.6875 -0.2090173338955062
0.6900000000000001 -0.22568164056386703
0.6925 -0.242072229089453
0.6950000000000001 -0.25820164336206275
0.6975 -0.27403070266564833
0.7000000000000001 -0.28957164956004616
0.7025 -0.3047868627970577
0.705 -0.31968235083181074
0.7075 -0.33423984872558526
0.71 -0.34844758798648445
0.7125 -0.36229415378187824
0.715 -0.37576849385062494
0.7175 -0.38886508563415195
0.72 -0.40155815160221525
0.7225 -0.4138580889225698
0.725 -0.4257357106751635
0.7275 -0.4372009055182063
0.73 -0.4482266312237123
0.7325 -0.4588222363806762
0.735 -0.46896290439465665
0.7375 -0.4786574143717924
0.74 -0.4878832477980476
0.7425 -0.49664858711836546
0.745 -0.5049332756550564
0.7475 -0.5127448743297576
0.75 -0.5200656432005417
0.7525000000000001 -0.5269024991917741
0.755 -0.5332401650076207
0.7575000000000001 -0.5390848935521878
0.76 -0.5444239069989063
0.7625000000000001 -0.549262776713601
0.765 -0.5535912520072477
0.7675000000000001 -0.5574142077387072
0.77 -0.5607239388375108
0.7725 -0.5635235938555463
0.775 -0.5658118873533424
0.7775 -0.5675861694302763
0.78 -0.5688495252112805
0.7825 -0.5696006343167205
0.785 -0.5698418534720495
0.7875 -0.569574400535421
0.79 -0.5687999006343806
0.7925 -0.5675220874651831
0.795 -0.5657418539843134
0.7975 -0.563465418536201
0.8 -0.5606929439422803
0.8025 -0.5574330933870633
0.805 -0.5536853041759968
0.8075 -0.549460636111348
0.81 -0.5447578081495218
0.8125 -0.5395902203045678
0.8150000000000001 -0.5339558828562989
0.8175 -0.5278704717008382
0.8200000000000001 -0.5213313005655168
0.8225 -0.5143562492597913
0.8250000000000001 -0.5069419494747546
0.8275 -0.4991084056354665
0.8300000000000001 -0.49085158423585923
0.8325 -0.48219352802537196
0.835 -0.47313326003528705
0.8375 -0.46367980402631587
0.84 -0.453854539024448
0.8425 -0.4436518567387908
0.845 -0.43309847557931885
0.8475 -0.4221881981204436
0.85 -0.4109494293323336
0.8525 -0.39937540889825446
0.855 -0.38749611528837635
0.8575 -0.3753042533534608
0.86 -0.36283125721027343
0.8625 -0.3500693266393203
0.865 -0.33705122921017705
0.8675 -0.3237686909802437
0.87 -0.31025568690431493
0.8725 -0.29650350212589505
0.875 -0.28254718951881136
0.8775000000000001 -0.268377627457487
0.88 -0.25403081435513175
0.8825000000000001 -0.23949725716557452
0.885 -0.22481376504035128
0.8875000000000001 -0.2099705099311659
0.89 -0.19500497500156544
0.8925000000000001 -0.17990703455229554
0.895 -0.16470860880052304
0.8975 -0.1494237420105374
0.9 -0.13404799272539625
0.9025 -0.11861992284535088
0.905 -0.10312883081176516
0.9075 -0.08761346606534205
0.91 -0.07206296544067621
0.9125 -0.05651612672508013
0.915 -0.040961964946091674
0.9175 -0.025439187862428183
0.92 -0.009936728644418158
0.9225 0.005506932047942413
0.925 0.02090290294477171
0.9275 0.03621306577146289
0.93 0.051448531337113405
0.9325 0.06657167678710887
0.935 0.08159357546404784
0.9375 0.09647723025858689
0.9400000000000001 0.11123363791608777
0.9425 0.12582655424404024
0.9450000000000001 0.14026686081080783
0.9475 0.15451918992862168
0.9500000000000001 0.1685942700933996
0.9525 0.18246323566534653
0.9550000000000001 0.19612010712710232
0.9575 0.20955346919874698
0.96 0.22274691539616065
0.9625 0.23570521257675522
0.965 0.24839697282280515
0.9675 0.26083210333249096
0.97 0.2729805938028151
0.9725 0.2848520396881299
0.975 0.2964179052643719
0.9775 0.3076874423208026
0.98 0.31863368074019666
0.9825 0.3292654981756937
0.985 0.33955757492685795
0.9875 0.34951838558751
0.99 0.3591243392089486
0.9925 0.3683834800420482
0.995 0.3772740175172838
0.9975 0.38580353998395933
1.0 0.39395212196409596
1.0025 0.4017238402893239
1.0050000000000001 0.4091126642614447
1.0075 0.4161047568902248
1.01 0.42270390710984707
1.0125 0.42890276791454784
1.0150000000000001 0.4346994778287893
1.0175 0.4400856773238206
1.02 0.44505851234380867
1.0225 0.44961899655696974
1.025 0.45376247018536076
1.0275 0.457488132313645
1.03 0.4607899412190846
1.0325 0.4636706703325562
1.035 0.46612785246927446
1.0375 0.46816153551172357
1.04 0.4697692348378622
1.0425 0.4709532147307293
1.045 0.4717132044563516
1.0475 0.47205008797473824
1.05 0.47196492252140126
1.0525 0.47145943836582516
1.055 0.47053553390997066
1.0575 0.46919490480690734
1.06 0.46744208494372813
1.0625 0.46527825362940844
1.065 0.4627074207431473
1.0675000000000001 0.45973205809308704
1.07 0.4563600626822875
1.0725 0.4525920539576972
1.075 0.44843406652155576
1.0775000000000001 0.4438893023065843
1.08 0.43896681775938323
1.0825 0.4336728039251744
1.085 0.428009073616512
1.0875000000000001 0.4219815472707388
1.09 0.4156017043638607
1.0925 0.4088769158131611
1.095 0.40180903182397887
1.0975 0.3944081865012619
1.1 0.3866790075729769
1.1025 0.3786390024509291
1.105 0.3702870060569469
1.1075 0.361634716593043
1.11 0.35268728036398117
1.1125 0.34346461077293206
1.115 0.3339650329589461
1.1175 0.3242016213076411
1.12 0.31417996043337293
1.1225 0.3039220534950908
1.125 0.29342574679897726
1.1275 0.28270528616946494
1.1300000000000001 0.2717666091918647
1.1325 0.26062897314298944
1.135 0.24930326563581376
1.1375 0.23779120265163506
1.1400000000000001 0.22610347989936436
1.1425 0.2142604683543527
1.145 0.20227347736194295
1.1475 0.19014412681537823
1.1500000000000001 0.17788355807946568
1.1525 0.16551295143641112
1.155 0.1530438717596089
1.1575 0.14047782126133773
1.16 0.12783129596883985
1.1625 0.1151107544198926
1.165 0.10234306906014037
1.1675 0.08952453163100677
1.17 0.07667182703077628
1.1725 0.06379137778325572
1.175 0.050910197663271275
1.1775 0.038024350513195124
1.18 0.025150471046791616
1.1825 0.012294855291719841
1.185 -5.157263550946828E-4
1.1875 -0.013285378962798656
1.19 -0.02599775295606318
1.1925000000000001 -0.03864676621013191
1.195 -0.05121127597426218
1.1975 -0.06368047028792088
1.2 -0.07605353769340284
1.2025000000000001 -0.08831968463968602
1.205 -0.10045857049967254
1.2075 -0.11245996673077427
1.21 -0.12432325541503633
1.2125000000000001 -0.1360381965470495
1.215 -0.1475855284115372
1.2175 -0.15895574251971153
1.22 -0.17014842050915896
1.2225 -0.1811496521778529
1.225 -0.19195459519209074
1.2275 -0.20254150272085372
1.23 -0.2129145200248784
1.2325 -0.22306090202221
1.235 -0.2329763312681023
1.2375 -0.2426410628370007
1.24 -0.25205909597383674
1.2425 -0.2612190147512201
1.245 -0.27011708033859144
1.2475 -0.27873580104379475
1.25 -0.287078975518764
1.2525 -0.2951366598680605
1.2550000000000001 -0.3029057386410526
1.2575 -0.3103741163326078
1.26 -0.3175365587026914
1.2625 -0.324393495221738
1.2650000000000001 -0.33093954200574904
1.2675 -0.3371647491891942
1.27 -0.34306508800604457
1.2725 -0.34864117199163497
1.2750000000000001 -0.3538888026423679
1.2775 -0.35880028625534205
1.28 -0.3633728395174672
1.2825 -0.3676072487331592
1.285 -0.37149905558334695
1.2875 -0.375047363113231
1.29 -0.3782461916359882
1.2925 -0.3810979745065531
1.295 -0.38360006325800655
1.2975 -0.3857522655220081
1.3 -0.38755154375004597
1.3025 -0.3889999176997218
1.305 -0.3900965606042769
1.3075 -0.39084197741738164
1.31 -0.3912361616604955
1.3125 -0.39128043384105843
1.315 -0.3909760376793299
1.3175000000000001 -0.39032407077201076
1.32 -0.38932687434514385
1.3225 -0.3879869822417694
1.325 -0.38630574031373976
1.3275000000000001 -0.38428545530372626
1.33 -0.38193074966760143
1.3325 -0.37924531747682527
1.335 -0.3762305862068247
1.3375000000000001 -0.37289002191588977
1.34 -0.3692304304389706
1.3425 -0.365256597284776
1.345 -0.3609700101786647
1.3475 -0.3563771267005968
1.35 -0.3514811154075315
1.3525 -0.34629346322873833
1.355 -0.34081379846154086
1.3575 -0.33505005610881683
1.36 -0.32900591468833246
1.3625 -0.32269516421459793
1.365 -0.3161169853862461
1.3675 -0.309280657252517
1.37 -0.3021903089484414
1.3725 -0.2948588251512618
1.375 -0.2872938980617949
1.3775 -0.2794970591161484
1.3800000000000001 -0.27147580355817574
1.3825 -0.26324448319268995
1.385 -0.2548114455043217
1.3875 -0.24617818903359337
1.3900000000000001 -0.23735287903010788
1.3925 -0.22835111028311783
1.395 -0.21918175800575462
1.3975 -0.20984626708692145
1.4000000000000001 -0.20035334759966358
1.4025 -0.19071959874389496
1.405 -0.18095429023841395
1.4075 -0.17105879361934087
1.41 -0.16104625984375667
1.4125 -0.1509219615436058
1.415 -0.14070750757988387
1.4175 -0.1304001505671319
1.42 -0.12001346212336973
1.4225 -0.10955278702306505
1.425 -0.09904027935098396
1.4275 -0.088472941074284
1.43 -0.07786456622836344
1.4325 -0.06722049499003369
1.435 -0.05655883730756035
1.4375 -0.045889193796300985
1.44 -0.035212579071837995
1.4425000000000001 -0.024538520878244093
1.445 -0.013885043443812257
1.4475 -0.003261558423197842
1.45 0.0073310591958202454
1.4525000000000001 0.01788344611234084
1.455 0.028377917965094607
1.4575 0.03880538271772755
1.46 0.049165115417728486
1.4625000000000001 0.059448047527612985
1.465 0.0696370802805807
1.4675 0.07972356553486791
1.47 0.08970693650742408
1.4725 0.09957462091573745
1.475 0.1093221079463082
1.4775 0.11892954116393822
1.48 0.12840044053723101
1.4825 0.13772299394633875
1.485 0.14689305561308955
1.4875 0.1558956767007867
1.49 0.1647236180438302
1.4925 0.17337668620070015
1.495 0.18184758666545892
1.4975 0.19012265755993
1.5 0.19819544422476962
1.5025 0.20606592135634588
1.5050000000000001 0.21372755655061143
1.5075 0.22116815019492483
1.51 0.22838211245428044
1.5125 0.2353695841279046
1.5150000000000001 0.24212487665087085
1.5175 0.24863740478036472
1.52 0.25490251043234535
1.5225 0.2609204961494962
1.5250000000000001 0.26668658582895255
1.5275 0.27219193567347666
1.53 0.2774328721270395
1.5325 0.28240985288652254
1.5350000000000001 0.2871190690338613
1.5375 0.29155351881912694
1.54 0.2957105512945994
1.5425 0.29959077061768363
1.545 0.3031899921354223
1.5475 0.3065072787139506
1.55 0.30953803063615176
1.5525 0.3122809058576726
1.555 0.31473667642891867
1.5575 0.316903834109254
1.56 0.3187797460061214
1.5625 0.3203641232670689
1.565 0.3216578579798897
1.5675000000000001 0.3226604854036962
1.57 0.3233713488841843
1.5725 0.3237912019151715
1.575 0.323921042271715
1.5775000000000001 0.3237614404962808
1.58 0.3233136974551006
1.5825 0.3225795835293497
1.585 0.3215601865372311
1.5875000000000001 0.32025708953759396
1.59 0.31867350473236494
1.5925 0.31681217988554294
1.595 0.3146742761606274
1.5975000000000001 0.31226235234416616
1.6 0.30958145936558135
1.6025 0.30663526958062964
1.605 0.30342499999788225
1.6075 0.2999555741351881
1.61 0.29622946673976625
1.6125 0.29225388708970884
1.615 0.28803357033071075
1.6175 0.28356977786590803
1.62 0.27886706192980976
1.6225 0.27393421835768517
1.625 0.2687767446385477
1.6275 0.2633959170609499
1.6300000000000001 0.25779705707490147
1.6325 0.25199039996634215
1.635 0.24598211687043983
1.6375 0.23977348065883036
1.6400000000000001 0.23337049569630927
1.6425 0.22678467130647012
1.645 0.22002275528766166
1.6475 0.21308599910031048
1.6500000000000001 0.20598099527225364
1.6525 0.19872034604817454
1.655 0.19131127211251908
1.6575 0.1837549860786175
1.6600000000000001 0.17605856689686417
1.6625 0.1682355157016747
1.665 0.16029341705890063
1.6675 0.15223342809648918
1.67 0.14406629426993464
1.6725 0.13579634977539942
1.675 0.12743793158249753
1.6775 0.11899892047931558
1.68 0.11048038241637123
1.6825 0.10189009317179193
1.685 0.09324282015993365
1.6875 0.08454655210301869
1.69 0.07580226607979161
1.6925000000000001 0.06701786432306543
1.695 0.05820832938242153
1.6975 0.04938164320479709
1.7 0.0405386814050524
1.7025000000000001 0.03168735892383409
1.705 0.022842658142469843
1.7075 0.014012441246139307
1.71 0.00519747140971241
1.7125000000000001 -0.003594436031896617
1.715 -0.01234851111288607
1.7175 -0.02105712109706339
1.72 -0.02971962447707391
1.7225000000000001 -0.03832841483316303
1.725 -0.04686914084250208
1.7275 -0.055337876225951266
1.73 -0.06372399213494899
1.7325 -0.072027009289675
1.735 -0.08023972912308464
1.7375 -0.08834859987463606
1.74 -0.09634687893038874
1.7425 -0.10423422254307681
1.745 -0.11200386836203617
1.7475 -0.11964311085141155
1.75 -0.1271457529688417
1.7525 -0.13451158945770017
1.7550000000000001 -0.14173438380086534
1.7575 -0.1488024446773966
1.76 -0.15571020067372046
1.7625 -0.16245758597797297
1.7650000000000001 -0.1690389708030808
1.7675 -0.17544382928176372
1.77 -0.18166728568750576
1.7725 -0.1877094126183474
1.7750000000000001 -0.19356525817057024
1.7775 -0.19922559451289928
1.78 -0.20468630081441486
1.7825 -0.2099475851020638
1.7850000000000001 -0.21500523389587858
1.7875 -0.2198514297126282
1.79 -0.2244846645540388
1.7925 -0.22889984622950374
1.795 -0.2330973450103213
1.7975 -0.23707393828199302
1.8 -0.2408236964708118
1.8025 -0.244344353182619
1.805 -0.24763640069776743
1.8075 -0.25069744885101425
1.81 -0.2535231507789101
1.8125 -0.25611210538706664
1.815 -0.25846491827097134
1.8175000000000001 -0.2605800537698279
1.82 -0.2624547868545275
1.8225 -0.26408858930718726
1.825 -0.26548216986247514
1.8275000000000001 -0.26663485700043515
1.83 -0.26754556311840433
1.8325 -0.2682146279779744
1.835 -0.26864285196029775
1.8375000000000001 -0.2688304249433738
1.84 -0.26877788892390647
1.8425 -0.2684864345185066
1.845 -0.26795694112682006
1.8475000000000001 -0.2671904451171618
1.85 -0.2661890872825033
1.8525 -0.2649543398512619
1.855 -0.2634887685950704
1.8575 -0.2617933325154664
1.86 -0.259870087231832
1.8625 -0.2577230949716792
1.865 -0.2553553379315083
1.8675 -0.25276782259424707
1.87 -0.24996337529816468
1.8725 -0.24694750819250144
1.875 -0.24372392033601673
1.8775 -0.24029365077174475
1.8800000000000001 -0.2366602455838338
1.8825 -0.23283056817476613
1.885 -0.22880897189226584
1.8875 -0.22459651316861282
1.8900000000000001 -0.22019739738695665
1.8925 -0.21561972279030758
1.895 -0.21086842606007197
1.8975 -0.20594456581580955
1.9000000000000001 -0.20085293780965088
1.9025 -0.19560274286912974
1.905 -0.19019723025199242
1.9075 -0.18464402338042693
1.9100000000000001 -0.17894185442663726
1.9125 -0.17310307334601607
1.915 -0.16713112817024206
1.9175 -0.16103428112892573
1.92 -0.15481354147696338
1.9225 -0.14847474493834856
1.925 -0.14202902207524384
1.9275 -0.13548263599845548
1.93 -0.1288365510936618
1.9325 -0.12209692467621507
1.935 -0.11527547706739973
1.9375 -0.10837868725053854
1.94 -0.10140746172752313
1.9425000000000001 -0.0943681876112999
1.945 -0.0872730005604124
1.9475 -0.0801285005791875
1.95 -0.0729355242758617
1.9525000000000001 -0.06570059481357685
1.955 -0.058436085355889615
1.9575 -0.0511486217073978
1.96 -0.0438389597334512
1.9625000000000001 -0.03651366430216324
1.965 -0.029185167407275617
1.9675 -0.021857096145628988
1.97 -0.014538906905308789
1.9725000000000001 -0.007228321844482359
1.975 5.941491473950527E-5
1.9775 0.0073208048052582015
1.98 0.01454658537559286
1.9825000000000002 0.02173908238998724
1.985 0.02888337449586665
1.9875 0.035976139392072067
1.99 0.04300843704298724
1.9925 0.04997983248154154
1.995 0.05688425897817794
1.9975 0.06371029004150779
2.0 0.07045220514705494
2.0025 0.07710968043698678
2.005 0.08367437798749665
2.0075 0.09014077712011341
2.0100000000000002 0.09650598805213943
2.0125 0.10275961723523308
2.015 0.10889661300173101
2.0175 0.11491682326425534
2.02 0.12081282804364496
2.0225 0.12657981462762644
2.025 0.13221310244017592
2.0275 0.13770814674179468
2.0300000000000002 0.14306265403902754
2.0325 0.14826807854156981
2.035 0.15332247368989507
2.0375 0.15821994416985047
2.04 0.16296059598461715
2.0425 0.16753877838954917
2.045 0.17195098950825088
2.0475 0.1761938878601582
2.05 0.1802642947666723
2.0525 0.18416071906393353
2.055 0.18787719747127965
2.0575 0.19141126827190205
2.06 0.19476325421971574
2.0625 0.19792937073885944
2.065 0.20090745779184618
2.0675 0.203695530611755
2.07 0.2062917808462239
2.0725000000000002 0.20869549975289214
2.075 0.210903311940276
2.0775 0.21291417823737893
2.08 0.21472861389798553
2.0825 0.2163448601662883
2.085 0.21776218215572882
2.0875 0.21898002487926016
2.09 0.21999801310263417
2.0925000000000002 0.22081623817892526
2.095 0.22143402901326645
2.0975 0.22185191440462596
2.1 0.2220701860603913
2.1025 0.2220895343039315
2.105 0.22191052323338395
2.1075 0.22153401848697354
2.11 0.22096105862180856
2.1125 0.22019285357187476
2.115 0.21923035954283823
2.1175 0.21807589424607407
2.12 0.21673140081842032
2.1225 0.2151976797497304
2.125 0.2134772696602562
2.1275 0.21157236826713458
2.13 0.20948532986997434
2.1325 0.20721866269450423
2.1350000000000002 0.20477401361553513
2.1375 0.20215614613656305
2.14 0.19936822031179777
2.1425 0.19641109876195859
2.145 0.19328909670970296
2.1475 0.19000558321357372
2.15 0.18656405925925798
2.1525 0.18296815416920897
2.1550000000000002 0.17922009367330655
2.1575 0.17532675115859386
2.16 0.17129064971026667
2.1625 0.16711759122616673
2.165 0.16280844826551016
2.1675 0.15836918178256693
2.17 0.15380421086351578
2.1725 0.1491180508672819
2.1750000000000003 0.14431336525935284
2.1775 0.1393986925694692
2.18 0.1343769124423978
2.1825 0.1292549504433305
2.185 0.12403363568398575
2.1875 0.11871999675277002
2.19 0.11331909721428564
2.1925 0.10783606034728505
2.195 0.10227606436594197
2.1975000000000002 0.096642071268752
2.2 0.0909438618399446
2.2025 0.08518451144510115
2.205 0.07937170618806051
2.2075 0.07350617242347186
2.21 0.06759563139705556
2.2125 0.0616455099401306
2.215 0.05566125081063748
2.2175000000000002 0.04964589759781372
2.22 0.043609722377522316
2.2225 0.03755578647139691
2.225 0.0314919755950915
2.2275 0.02541888393962522
2.23 0.019344371585677957
2.2325 0.013273856103446878
2.235 0.007212732186715191
2.2375000000000003 0.0011639520463695178
2.24 -0.004862310653194227
2.2425 -0.01086317990392092
2.245 -0.016831018098220973
2.2475 -0.022765392855399875
2.25 -0.028658749830645577
2.2525 -0.034505984198695
2.255 -0.04030205043821483
2.2575 -0.04604196661695558
2.2600000000000002 -0.051723077279533854
2.2625 -0.05733599556550905
2.265 -0.06287823938912898
2.2675 -0.06834295149682092
2.27 -0.07372990461023965
2.2725 -0.07903238190937713
2.275 -0.08424596009579519
2.2775 -0.08936631086780492
2.2800000000000002 -0.09439119354320435
2.2825 -0.09931246061561516
2.285 -0.10412811844435275
2.2875 -0.10883239288183036
2.29 -0.11342524755988861
2.2925 -0.11790108982219936
2.295 -0.1222563490670746
2.2975 -0.1264875748864806
2.3000000000000003 -0.13059305534464655
2.3025 -0.1345663041283055
2.305 -0.13840591408924943
2.3075 -0.14210748738775922
2.31 -0.14567117528445836
2.3125 -0.14909279115658414
2.315 -0.15236979327379963
2.3175 -0.1554997778477779
2.32 -0.1584804806827114
2.3225000000000002 -0.16131087985264872
2.325 -0.16398673073077444
2.3275 -0.16650735867727318
2.33 -0.16887015790728774
2.3325 -0.17107547389679248
2.335 -0.17312093032528195
2.3375 -0.17500527531750723
2.34 -0.17672740504477225
2.3425000000000002 -0.17828695500479957
2.345 -0.1796818713157452
2.3475 -0.18091215281171244
2.35 -0.18197689814375792
2.3525 -0.18287660016621665
2.355 -0.1836105890989758
2.3575 -0.18417880272372988
2.36 -0.18458132678417552
2.3625000000000003 -0.18481845615041964
2.365 -0.18489038107749517
2.3675 -0.18479775499899742
2.37 -0.1845413835014759
2.3725 -0.18412187509239933
2.375 -0.18354025598912344
2.3775 -0.18279762361106452
2.38 -0.18189521496175282
2.3825 -0.18083440502879733
2.3850000000000002 -0.1796161868111841
2.3875 -0.17824318075766576
2.39 -0.17671670927799404
2.3925 -0.17503938227548557
2.395 -0.173211893571821
2.3975 -0.17123704705288123
2.4 -0.16911712920135213
2.4025 -0.16685454763771002
2.4050000000000002 -0.16445083976503788
2.4075 -0.16191057075137374
2.41 -0.15923556258336352
2.4125 -0.15642982947433964
2.415 -0.15349409772873157
2.4175 -0.1504325409485699
2.42 -0.1472483373410543
2.4225 -0.1439447630875914
2.4250000000000003 -0.1405237984948787
2.4275 -0.1369916426623568
2.43 -0.13335050096003997
2.4325 -0.12960552726446428
2.435 -0.12575743878669018
2.4375 -0.12181150623612498
2.44 -0.11777159623716242
2.4425 -0.11364164538414717
2.445 -0.1094256564836515
2.4475000000000002 -0.10512595971360937
2.45 -0.10075011862091214
2.4525 -0.09630060861551315
2.455 -0.09178347983027565
2.4575 -0.0871993917302309
2.46 -0.0825544571486993
2.4625 -0.07785303378053983
2.465 -0.0730995141300901
2.4675000000000002 -0.06829639204988244
2.47 -0.06345195998363717
2.4725 -0.05856877934970947
2.475 -0.053653314622032995
2.4775 -0.04870613612185639
2.48 -0.043733720490891165
2.4825 -0.03874059034282621
2.485 -0.033731270630918776
2.4875000000000003 -0.028708274481386922
2.49 -0.023680137714083574
2.4925 -0.018649361754160914
2.495 -0.01362245127441257
2.4975 -0.008599858049111966
2.5 -0.003588049127274301
2.5025 0.0014085461711491212
2.505 0.006385527873181601
2.5075 0.011338529169454124
2.5100000000000002 0.016265183826096655
2.5125 0.021157261465976598
2.515 0.026012493064757135
2.5175 0.030824764826693638
2.52 0.03559378413826703
2.5225 0.04031352651695734
2.525 0.044979960141362636
2.5275 0.04958911507036346
2.5300000000000002 0.054138892993390995
2.5325 0.05862181798047782
2.535 0.06303595706119763
2.5375 0.06737589861578322
2.54 0.07164150499015526
2.5425 0.0758274932422734
2.545 0.07993041538349976
2.5475 0.0839469097439112
2.5500000000000003 0.08787525600330312
2.5525 0.09170913064268525
2.555 0.09544703562363653
2.5575 0.09908598057321887
2.56 0.10262167987056214
2.5625 0.10605417367216391
2.565 0.10937933928976029
2.5675 0.1125945946695585
2.57 0.11569746491298437
2.5725000000000002 0.11868675608399942
2.575 0.12155782175557064
2.5775 0.12430973740891779
2.58 0.12693944619689526
2.5825 0.12944713953207052
2.585 0.13182994340637838
2.5875 0.1340861781906268
2.59 0.1362142830401384
2.5925000000000002 0.13821359017110757
2.595 0.14008117987832744
2.5975 0.1418166784932085
2.6 0.1434183947524487
2.6025 0.1448866562676618
2.605 0.1462199637092338
2.6075 0.1474176086261604
2.61 0.14847900599388147
2.6125000000000003 0.149404036769041
2.615 0.1501916230970199
2.6175 0.1508419475620037
2.62 0.1513549186067473
2.6225 0.15173044458582
2.625 0.1519689794106003
2.6275 0.15207062044594533
2.63 0.1520357638030249
2.6325 0.15186492582613703
2.6350000000000002 0.15155859274716427
2.6375 0.15111776385045284
2.64 0.15054321502060355
2.6425 0.14983624297248566
2.645 0.14899738369124274
2.6475 0.1480281091144079
2.65 0.14692974664587047
2.6525 0.14570373399906683
2.6550000000000002 0.14435105166208065
2.6575 0.14287443513847403
2.66 0.14127512696076874
2.6625 0.13955570043092888
2.665 0.13771674117860802
2.6675 0.13576097450499167
2.67 0.1336905584530841
2.6725 0.13150774554675695
2.6750000000000003 0.1292139416030051
2.6775 0.1268134161394052
2.68 0.12430779549483428
2.6825 0.1216996859818758
2.685 0.11899287870840203
2.6875 0.11618797413909097
2.69 0.11328887994423861
2.6925 0.11029851421705038
2.695 0.10721986598777139
2.6975000000000002 0.10405471012002553
2.7 0.10080870088343591
2.7025 0.09748377372808041
2.705 0.09408454673210649
2.7075 0.09061159734013646
2.71 0.08706962261346983
2.7125 0.0834620238608678
2.715 0.07979224874849582
2.7175000000000002 0.07606228540578795
2.72 0.07227864843542689
2.7225 0.06844342517236592
2.725 0.06456177848715798
2.7275 0.06063423100894017
2.73 0.05666598364224685
2.7325 0.052660716601501
2.735 0.04862212997208829
2.7375000000000003 0.04455230764041022
2.74 0.040458235127566855
2.7425 0.03634203031130393
2.745 0.03220743906730657
2.7475 0.028059872420468195
2.75 0.023899758326594744
2.7525 0.01973249872591827
2.755 0.01556183156231727
2.7575 0.011391484489753953
2.7600000000000002 0.0072235063627573036
2.7625 0.003064928701039429
2.765 -0.0010822389129532255
2.7675 -0.005212693251108654
2.77 -0.009326113771983757
2.7725 -0.013417246524887294
2.775 -0.017482526347507524
2.7775 -0.02151842382842727
2.7800000000000002 -0.02552304249607635
2.7825 -0.02948972989446752
2.785 -0.03341668982047264
2.7875 -0.03729902110534278
2.79 -0.041136525638477174
2.7925 -0.04492438782646688
2.795 -0.048659410308518745
2.7975 -0.05233845421415365
2.8000000000000003 -0.05595987752676837
2.8025 -0.05951776908739653
2.805 -0.06301064080448375
2.8075 -0.06643561303845444
2.81 -0.0697885497261634
2.8125 -0.07306939935652
2.815 -0.07627414523820938
2.8175 -0.07940020402755643
2.82 -0.08244507171747016
2.8225000000000002 -0.08540749304333803
2.825 -0.0882827586855794
2.8275 -0.09106981543108182
2.83 -0.0937654350170476
2.8325 -0.09636969581192138
2.835 -0.09887951103015818
2.8375 -0.10129298204731396
2.84 -0.10360830287058122
2.8425000000000002 -0.10582462740212134
2.845 -0.10793856579144327
2.8475 -0.10994950356011057
2.85 -0.1118552756384526
2.8525 -0.11365608229442549
2.855 -0.11534991348630508
2.8575 -0.11693564247263032
2.86 -0.11841224287062709
2.8625000000000003 -0.11977931369874031
2.865 -0.12103493739672433
2.8675 -0.12217896035138896
2.87 -0.12321076230543652
2.8725 -0.12412948019779393
2.875 -0.12493543370253045
2.8775 -0.12562791917992613
2.88 -0.12620672544471068
2.8825 -0.12667174337667403
2.8850000000000002 -0.12702308338391682
2.8875 -0.1272605586787524
2.89 -0.1273845276544152
2.8925 -0.12739530421090364
2.895 -0.12729329228166647
2.8975 -0.12707895948863324
2.9 -0.12675289872381712
2.9025 -0.12631580033890638
2.9050000000000002 -0.12576821029849983
2.9075 -0.12511144911298713
2.91 -0.12434629649151088
2.9125 -0.12347419250894384
2.915 -0.12249560041146376
2.9175 -0.12141209983835544
2.92 -0.12022503187004606
2.9225 -0.11893582510673151
2.9250000000000003 -0.11754541822842908
2.9275 -0.11605652247879937
2.93 -0.11447028333761106
2.9325 -0.11278846296378944
2.935 -0.11101363112936795
2.9375 -0.10914628478602226
2.94 -0.10718910853351034
2.9425 -0.10514416833047621
2.945 -0.10301360098720971
2.9475000000000002 -0.1007987100231014
2.95 -0.09850353940217184
2.9525 -0.096129556294299
2.955 -0.09368015395735438
2.9575 -0.09115582895497647
2.96 -0.08856006114712318
2.9625 -0.0858954200679561
2.965 -0.0831645274727414
2.9675000000000002 -0.0803689246661976
2.97 -0.07751356674584979
2.9725 -0.07460011161494401
2.975 -0.07163136436180045
2.9775 -0.06861138793324073
2.98 -0.06554064538330734
2.9825 -0.06242324974822546
2.985 -0.05926214707652946
2.9875000000000003 -0.056059023383121985
2.99 -0.052819441345011035
2.9925 -0.04954515131160097
2.995 -0.04623919657832068
2.9975 -0.042905976945223565
3.0 -0.03954589899177133
3.0025 -0.0361633780582586
3.005 -0.03276151017764393
3.0075000000000003 -0.029342027508272764
3.0100000000000002 -0.025910771236972465
3.0125 -0.0224694834575729
3.015 -0.019021268336146268
3.0175 -0.015570606318117441
3.02 -0.012117826380202474
3.0225 -0.008667390060755191
3.025 -0.005222365568737998
3.0275 -0.0017858053536919055
3.0300000000000002 0.0016406238798832894
3.0325 0.005051168120661707
3.035 0.008444210611493001
3.0375 0.011816788322704915
3.04 0.015164632418637842
3.0425 0.018487520289197434
3.045 0.021781238241971663
3.0475 0.025042953355276298
3.0500000000000003 0.02827115476219369
3.0525 0.03146050669287402
3.055 0.034609597020717774
3.0575 0.03771576125100168
3.06 0.04077516784202476
3.0625 0.043787699316624955
3.065 0.04674960731722362
3.0675 0.04965843109906856
3.0700000000000003 0.052512895913576614
3.0725000000000002 0.05530837168886887
3.075 0.05804372429936116
3.0775 0.06071672876593617
3.08 0.06332419338484646
3.0825 0.06586610935878666
3.085 0.06833939075532913
3.0875 0.07074207648956385
3.09 0.07307227538100619
3.0925000000000002 0.07532905484387475
3.095 0.07750886247710755
3.0975 0.07961094251607416
3.1 0.0816336970987032
3.1025 0.08357484434736139
3.105 0.08543449426759377
3.1075 0.08721048827459048
3.11 0.08890154024200372
3.1125000000000003 0.09050706889963184
3.115 0.09202466520908886
3.1175 0.09345394548042331
3.12 0.09479394918544076
3.1225 0.09604331697428105
3.125 0.09720225491901086
3.1275 0.09826953476465994
3.13 0.09924453050592587
3.1325000000000003 0.10012703484295646
3.1350000000000002 0.10091588504287384
3.1375 0.1016110804828697
3.14 0.10221233387116899
3.1425 0.10271925865623022
3.145 0.10313214263686704
3.1475 0.10345073058866584
3.15 0.10367507313253788
3.1525 0.10380530469895376
3.1550000000000002 0.10384163889595581
3.1575 0.10378434750560396
3.16 0.10363384690699397
3.1625 0.10339060189091699
3.165 0.10305531077262337
3.1675 0.10262833099377569
3.17 0.1021104836750955
3.1725 0.10150255263304608
3.1750000000000003 0.10080510258057965
3.1775 0.10001962932885664
3.18 0.0991468849050873
3.1825 0.09818795658346473
3.185 0.09714443898474165
3.1875 0.09601672837550156
3.19 0.09480652749882554
3.1925 0.09351520732080959
3.1950000000000003 0.09214364206777721
3.1975000000000002 0.09069443332097547
3.2 0.08916861709750969
3.2025 0.08756782466250859
3.205 0.0858944323331795
3.2075 0.0841488518081858
3.21 0.08233354719539633
3.2125 0.08045038320763852
3.215 0.07850127838506808
3.2175000000000002 0.07648738543213748
3.22 0.07441233595252449
3.2225 0.07227740584673774
3.225 0.07008470957974612
3.2275 0.06783731570531779
3.23 0.0655356251160671
3.2325 0.06318276615764809
3.235 0.06078101644923943
3.2375000000000003 0.058331700722308914
3.24 0.05583912476697088
3.2425 0.05330469580632638
3.245 0.05073082006077874
3.2475 0.0481209817554509
3.25 0.045475548469545574
3.2525 0.042798036453061676
3.255 0.04009094459213595
3.2575000000000003 0.03735569048505863
3.2600000000000002 0.034596993791935315
3.2625 0.03181631041974897
3.265 0.029016195218263124
3.2675 0.026200341069550513
3.27 0.023369062485032472
3.2725 0.020526055591162874
3.275 0.017673894204876126
3.2775 0.014815151124825078
3.2800000000000002 0.01195125027955074
3.2825 0.00908704663237513
3.285 0.006223951763325946
3.2875 0.003364511622001488
3.29 5.123995508392377E-4
3.2925 -0.002332148822658365
3.295 -0.0051654884590314615
3.2975 -0.007985135937293605
3.3000000000000003 -0.010789746732153696
3.3025 -0.013574638056189685
3.305 -0.016338520789941084
3.3075 -0.019079008353282703
3.31 -0.021792663090486553
3.3125 -0.024479331696776463
3.315 -0.02713563040589364
3.3175 -0.029759301894061826
3.3200000000000003 -0.03234915422836491
3.3225000000000002 -0.03490093441047693
3.325 -0.03741354465143716
3.3275 -0.03988488705922878
3.33 -0.042311945721377406
3.3325 -0.044694656017945755
3.335 -0.0470300777703951
3.3375 -0.04931629994439546
3.34 -0.05155146216624942
3.3425000000000002 -0.05373461830409226
3.345 -0.05586226728524531
3.3475 -0.057933593002124986
3.35 -0.059946951997264075
3.3525 -0.06189998892193838
3.355 -0.063792740118944
3.3575 -0.06562294469344356
3.36 -0.06738919626605172
3.3625000000000003 -0.06909081761112498
3.365 -0.0707251661787866
3.3675 -0.07229171803986865
3.37 -0.0737893205035735
3.3725 -0.07521632955093539
3.375 -0.07657286673375976
3.3775 -0.07785739304324794
3.38 -0.07906902215812195
3.3825000000000003 -0.08020737619826346
3.3850000000000002 -0.08127079502739432
3.3875 -0.08225906808373985
3.39 -0.08317158424779678
3.3925 -0.08400780209449961
3.395 -0.08476696175172499
3.3975 -0.08544926951284276
3.4 -0.08605407499144387
3.4025 -0.0865811172216498
3.4050000000000002 -0.08703036949167431
3.4075 -0.08740135193944647
3.41 -0.08769420925660662
3.4125 -0.08790896071116697
3.415 -0.08804565599637514
3.4175 -0.08810456246789301
3.42 -0.08808583665119077
3.4225 -0.0879897737455511
3.4250000000000003 -0.08781665226150308
3.4275 -0.08756704117504836
3.43 -0.08724138372026412
3.4325 -0.08684024298560353
3.435 -0.08636445259727431
3.4375 -0.08581432435212752
3.44 -0.0851907901401573
3.4425 -0.08449466911017975
3.4450000000000003 -0.08372652082748683
3.4475000000000002 -0.08288790157553232
3.45 -0.08197951991589732
3.4525 -0.0810024358699143
3.455 -0.07995776690896636
3.4575 -0.07884714430085872
3.46 -0.07767090749516305
3.4625 -0.07643077013052327
3.465 -0.07512806699883975
3.4675000000000002 -0.07376362628933175
3.47 -0.07233997498455402
3.4725 -0.07085806319425368
3.475 -0.06931942107886911
3.4775 -0.06772627223458752
3.48 -0.06607895988919223
3.4825 -0.06437977136308734
3.485 -0.06263040769983531
3.4875000000000003 -0.06083188002163878
3.49 -0.058987403836944466
3.4925 -0.05709808151808806
3.495 -0.055165758499996
3.4975 -0.053193109309276655
3.5 -0.05118046169214323
3.5025 -0.04913053220522957
3.505 -0.0470452824563016
3.5075000000000003 -0.0449258447032132
3.5100000000000002 -0.042775923214347325
3.5125 -0.04059670657503044
3.515 -0.03839024314749797
3.5175 -0.03615859827552506
3.52 -0.03390475862139411
3.5225 -0.031629013288374225
3.525 -0.02933436454426278
3.5275 -0.02702292658594349
3.5300000000000002 -0.024695887944099524
3.5325 -0.022357237348977616
3.535 -0.020008177878319978
3.5375 -0.01765084194337457
3.54 -0.015288308067472224
3.5425 -0.012920814820930375
3.545 -0.010551432559014882
3.5475 -0.00818228143792196
3.5500000000000003 -0.005814527877901662
3.5525 -0.0034521687991263777
3.555 -0.0010963481831693666
3.5575 0.0012508559372716034
3.56 0.0035864484134624087
3.5625 0.005910253068556076
3.565 0.008219305567872258
3.5675 0.010511598833668612
3.5700000000000003 0.012786053284409297
3.5725000000000002 0.01503888822662297
3.575 0.01726908120343071
3.5775 0.019474723537268934
3.58 0.02165393523289605
3.5825 0.023804012075215795
3.585 0.0259248574697974
3.5875 0.02801382060926501
3.59 0.030069151613503573
3.5925000000000002 0.032089937509242564
3.595 0.03407288570045392
3.5975 0.03601717428114705
3.6 0.037921206459914036
3.6025 0.039782690686532986
3.605 0.04160160482097644
3.6075 0.0433757270710975
3.61 0.04510363415279881
3.6125000000000003 0.04678461146604831
3.615 0.048415984629942344
3.6175 0.049997154029727674
3.62 0.0515268876278207
3.6225 0.053003423442151615
3.625 0.05442681283757958
3.6275 0.05579537556881293
3.63 0.05710808554762627
3.6325000000000003 0.05836446097803562
3.6350000000000002 0.05956257831921679
3.6375 0.06070208755799848
3.64 0.06178218021319301
3.6425 0.06280210363635746
3.645 0.06376079011575081
3.6475 0.06465836748960384
3.65 0.06549385736184324
3.6525 0.066266734589704
3.6550000000000002 0.06697680294261851
3.6575 0.06762308487835371
3.66 0.06820552543017253
3.6625 0.06872383121940653
3.665 0.06917759838870571
3.6675 0.06956701317046472
3.67 0.06989176225390299
3.6725 0.07015178484772526
3.6750000000000003 0.07034714323176271
3.6775 0.0704777360154529
3.68 0.0705437665229939
3.6825 0.07054540415855078
3.685 0.07048291291189118
3.6875 0.07035652522791112
3.69 0.07016659176250438
3.6925 0.06991350640539994
3.6950000000000003 0.06959757912594103
3.6975000000000002 0.06921956578819694
3.7 0.06877990928476016
3.7025 0.06827921927008897
3.705 0.06771815761690085
3.7075 0.06709769775491661
3.71 0.06641810679111405
3.7125 0.06568043480656485
3.715 0.06488554434120572
3.7175000000000002 0.0640339942324577
3.72 0.06312742316774962
3.7225 0.06216650518603571
3.725 0.061152288466630206
3.7275 0.06008630180739504
3.73 0.05896882626489295
3.7325 0.057801454064035064
3.735 0.05658540150568551
3.7375000000000003 0.05532140922868976
3.74 0.054011781596952295
3.7425 0.05265735226736724
3.745 0.05125948607739271
3.7475 0.04981958170848862
3.75 0.048339670447834014
3.7525 0.04682002964319912
3.755 0.045262735374962004
3.7575000000000003 0.04366866338892338
3.7600000000000002 0.042040635875941056
3.7625 0.04037959482602607
3.765 0.03868713629408928
3.7675 0.03696487864312154
3.77 0.03521516659879692
3.7725 0.03343825767558292
3.775 0.0316365226148407
3.7775 0.02981165366372495
3.7800000000000002 0.027964615075743073
3.7825 0.026098604306374357
3.785 0.02421461828126976
3.7875 0.022314398121368515
3.79 0.02040046175111027
3.7925 0.01847303287383194
3.795 0.01653463572238486
3.7975 0.01458703492417907
3.8000000000000003 0.012631213749379458
3.8025 0.010670503684805394
3.805 0.008705889703391503
3.8075 0.00673913460775006
3.81 0.004771996823066357
3.8125 0.0028070146461258772
3.815 8.443599088601068E-4
3.8175 -0.0011134446584750793
3.8200000000000003 -0.003065452482962286
3.8225000000000002 -0.0050083885072879746
3.825 -0.006941334648295809
3.8275 -0.008862605866703168
3.83 -0.010770533536276113
3.8325 -0.012662712914806579
3.835 -0.014539027355869542
3.8375 -0.016397105667273138
3.84 -0.018235358935781296
3.8425000000000002 -0.020052943840702473
3.845 -0.02184686545325942
3.8475 -0.023616339906673202
3.85 -0.025359879398580264
3.8525 -0.02707534375522335
3.855 -0.028762676601561586
3.8575 -0.030419786909822465
3.86 -0.032045307610615595
3.8625000000000003 -0.03363853493889235
3.865 -0.03519689445274951
3.8675 -0.03671976506746518
3.87 -0.03820591812750246
3.8725 -0.03965416208138959
3.875 -0.04106278769806116
3.8775 -0.042431808100908186
3.88 -0.04375957689910151
3.8825000000000003 -0.04504556546081463
3.8850000000000002 -0.046287752226753694
3.8875 -0.04748570918200558
3.89 -0.04863852840531417
3.8925 -0.04974534544016032
3.895 -0.05080492537806562
3.8975 -0.0518173407495792
3.9 -0.05278142758142268
3.9025000000000003 -0.05369685713166211
3.9050000000000002 -0.05456225839151974
3.9075 -0.05537741502608178
3.91 -0.056141781718692524
3.9125 -0.05685486036203506
3.915 -0.05751594619663839
3.9175 -0.05812516552243678
3.92 -0.05868188840506495
3.9225 -0.05918580787825248
3.9250000000000003 -0.05963683482628433
3.9275 -0.060034397912133525
3.93 -0.06037852575150145
3.9325 -0.06066910419494743
3.935 -0.06090606722453135
3.9375 -0.06108933422922341
3.94 -0.061219081726224894
3.9425 -0.06129530316488655
3.9450000000000003 -0.06131812194945991
3.9475000000000002 -0.06128769198523185
3.95 -0.06120425199689445
3.9525 -0.06106806737838737
3.955 -0.060879449584917464
3.9575 -0.0606388623276957
3.96 -0.060346515130228054
3.9625 -0.0600029406908836
3.9650000000000003 -0.05960846208096944
3.9675000000000002 -0.059163929288719615
3.97 -0.058669771897154326
3.9725 -0.05812660927373594
3.975 -0.05753510225277129
3.9775 -0.05689621748585438
3.98 -0.05621018492965871
3.9825 -0.05547803142476478
3.985 -0.0547005759574437
3.9875000000000003 -0.0538783374337252
3.99 -0.0530128666855345
3.9925 -0.05210477242493227
3.995 -0.05115501797407627
3.9975 -0.05016460034991597
4.0 -0.04913496905909918
4.0025 -0.04806592604595182
4.005 -0.046960272455330604
4.0075 -0.04581736058521405
4.01 -0.04464016761032598
4.0125 -0.04342847836187809
4.015 -0.04218396021104104
4.0175 -0.0409078413965897
4.0200000000000005 -0.0396008454528374
4.0225 -0.03826583245812268
4.025 -0.03690196220949409
4.0275 -0.03551273144326544
4.03 -0.034097823034150834
4.0325 -0.032659140335049595
4.035 -0.031198052355166938
4.0375 -0.029715943192316067
4.04 -0.028214210745623157
4.0425 -0.02669365398766992
4.045 -0.025157528827202846
4.0475 -0.023604808753912153
4.05 -0.022039416455144158
4.0525 -0.020460928139093428
4.055 -0.018871420850375194
4.0575 -0.01727235255431658
4.0600000000000005 -0.01566454024831564
4.0625 -0.014051380110758387
4.065 -0.012431754833268041
4.0675 -0.010809717391403463
4.07 -0.009184133747678014
4.0725 -0.007559061293889599
4.075 -0.005934003127482472
4.0775 -0.0043110574859940775
4.08 -0.002691665335330083
4.0825000000000005 -0.0010766147644908455
4.085 5.307373888038189E-4
4.0875 0.002131550835841595
4.09 0.0037218657222124756
4.0925 0.005302209884396702
4.095 0.006870572285713752
4.0975 0.008425595777658806
4.1 0.009965939936025611
4.1025 0.011490282195871133
4.105 0.012997918146814039
4.1075 0.014485766725671648
4.11 0.015954946392216045
4.1125 0.017401867873574346
4.115 0.018827064096472834
4.1175 0.02022875900413182
4.12 0.021605785035219097
4.1225000000000005 0.0229575359466835
4.125 0.024281291874862818
4.1275 0.02557808472343778
4.13 0.02684478347848514
4.1325 0.028082387256526266
4.135 0.029287919835775902
4.1375 0.03046188116637754
4.14 0.031602848451991315
4.1425 0.03270992031936195
4.1450000000000005 0.03378265067023153
4.1475 0.034818940058006356
4.15 0.035819647605496295
4.1525 0.03678240933491926
4.155 0.03770767540683765
4.1575 0.03859436137948566
4.16 0.039441812398699795
4.1625 0.04024941090954775
4.165 0.04101657707372613
4.1675 0.041743051362156655
4.17 0.04242748385045821
4.1725 0.04307050529274408
4.175 0.04367066199793001
4.1775 0.04422831371430729
4.18 0.0447428650304384
4.1825 0.045214008839952934
4.1850000000000005 0.04564164003205947
4.1875 0.04602504450072073
4.19 0.046364648327982955
4.1925 0.0466597608929797
4.195 0.04691074690560076
4.1975 0.047117137285532955
4.2 0.047279178570679176
4.2025 0.04739679110270697
4.205 0.04747002624953096
4.2075000000000005 0.047498977478179896
4.21 0.047483766460849536
4.2125 0.04742453771187177
4.215 0.04732159321944748
4.2175 0.04717508126344302
4.22 0.04698531785803063
4.2225 0.04675262409751467
4.225 0.046477358189627595
4.2275 0.04615991500398983
4.23 0.045800573622243074
4.2325 0.045400256661244164
4.235 0.04495882547032843
4.2375 0.04447752216658661
4.24 0.0439563633271735
4.2425 0.043396137197436804
4.245 0.042797480099065706
4.2475000000000005 0.042160798302423336
4.25 0.041487577472734155
4.2525 0.04077747052814459
4.255 0.04003237266897504
4.2575 0.03925188056333801
4.26 0.03843805913041764
4.2625 0.03759079602642021
4.265 0.036711281098138676
4.2675 0.03580041090819084
4.2700000000000005 0.034858724279869364
4.2725 0.0338883138156723
4.275 0.032888594813833764
4.2775 0.0318621556822788
4.28 0.030808791544758646
4.2825 0.029729938755947843
4.285 0.02862664740845105
4.2875000000000005 0.027499530433193437
4.29 0.02635103856542258
4.2925 0.025180435209956945
4.295 0.02399070808019397
4.2975 0.022781083450080543
4.3 0.021554638179798573
4.3025 0.020311065018531884
4.305 0.01905201659604699
4.3075 0.017778667885954162
4.3100000000000005 0.01649168536430067
4.3125 0.015193811183924702
4.315 0.01388416593311243
4.3175 0.0125660462353853
4.32 0.011238549769610032
4.3225 0.009905009016025772
4.325 0.008565039108804955
4.3275 0.007220385270398487
4.33 0.00587226028344545
4.3325000000000005 0.004521335254733823
4.335 0.0031704407623873304
4.3375 0.0018186210211526182
4.34 4.6923886581255107E-4
4.3425 -8.786690063403841E-4
4.345 -0.0022217580445773656
4.3475 -0.0035604612637608053
4.3500000000000005 -0.004893598835836521
4.3525 -0.006218412161264855
4.355 -0.007535868198215487
4.3575 -0.008842719102387049
4.36 -0.010139927289842136
4.3625 -0.011424303419207048
4.365 -0.012696295916794487
4.3675 -0.013954303071634042
4.37 -0.015197255896721319
4.3725000000000005 -0.016424590011335425
4.375 -0.01763380962862444
4.3775 -0.018825835044177276
4.38 -0.019997765419697267
4.3825 -0.02115050179781824
4.385 -0.022281248178166683
4.3875 -0.02339044414323056
4.39 -0.024476725176829285
4.3925 -0.025539207179662397
4.3950000000000005 -0.02657744049857484
4.3975 -0.027589360189100735
4.4 -0.028575776546695717
4.4025 -0.02953432968739912
4.405 -0.03046579777055135
4.4075 -0.031367963202547235
4.41 -0.03224122612326416
4.4125000000000005 -0.03308487941817918
4.415 -0.033897286817454166
4.4175 -0.034679135404682045
4.42 -0.035428592060536834
4.4225 -0.036146303529585234
4.425 -0.03683060042519958
4.4275 -0.03748183339461917
4.43 -0.03809926282087084
4.4325 -0.03868246128380307
4.4350000000000005 -0.03923124584624853
4.4375 -0.039744616035810774
4.44 -0.04022306276354321
4.4425 -0.04066552300345569
4.445 -0.04107243966408677
4.4475 -0.04144292981913164
4.45 -0.04177726071221377
4.4525 -0.04207511069084967
4.455 -0.042336346700911194
4.4575000000000005 -0.04256095124742106
4.46 -0.04274861010013876
4.4625 -0.042899589769751396
4.465 -0.04301364787152496
4.4675 -0.0430909988887701
4.47 -0.04313158364446363
4.4725 -0.043135569933390204
4.4750000000000005 -0.04310304324440858
4.4775 -0.04303422584193655
4.48 -0.04292920090161096
4.4825 -0.042788361019535155
4.485 -0.04261173684756548
4.4875 -0.0423998975345131
4.49 -0.04215292724448669
4.4925 -0.04187125111392819
4.495 -0.04155524625630929
4.4975000000000005 -0.041205172334896525
4.5 -0.0408219046011721
4.5025 -0.04040529327666129
4.505 -0.03995649563904081
4.5075 -0.039475312072429304
4.51 -0.03896305702707891
4.5125 -0.03841970557350275
4.515 -0.03784605319299498
4.5175 -0.03724272151758872
4.5200000000000005 -0.036610097748321656
4.5225 -0.03594962732579053
4.525 -0.03526094578217648
4.5275 -0.034545868718915435
4.53 -0.03380398795822392
4.5325 -0.033037246387654144
4.535 -0.032245515424222236
4.5375000000000005 -0.03142956190820488
4.54 -0.030591193043130988
4.5425 -0.029729899453581295
4.545 -0.028847907172971667
4.5475 -0.027944669920705132
4.55 -0.02702251205443385
4.5525 -0.026081232753543186
4.555 -0.025122105284342392
4.5575 -0.02414605044367938
4.5600000000000005 -0.023153600938381997
4.5625 -0.022146899984767647
4.565 -0.02112529031144613
4.5675 -0.02009136807861962
4.57 -0.019044449893291758
4.5725 -0.017987188039755443
4.575 -0.016919304698237797
4.5775 -0.015842211239541132
4.58 -0.014756902810654409
4.5825000000000005 -0.01366394001355496
4.585 -0.012565639601527389
4.5875 -0.01146124788793648
4.59 -0.010353535485515939
4.5925 -0.009241734876803192
4.595 -0.008128627962497874
4.5975 -0.0070138822423375215
4.6000000000000005 -0.005898497020012072
4.6025 -0.004784806684673291
4.605 -0.0036720216245832494
4.6075 -0.0025629083968416976
4.61 -0.0014566735743170227
4.6125 -3.560603942266251E-4
4.615 7.392886506684003E-4
4.6175 0.0018279738617457248
4.62 0.002909046327828385
4.6225000000000005 0.003981994476816028
4.625 0.005044609009811108
4.6275 0.006097674279049383
4.63 0.007138603041361505
4.6325 0.00816817076927159
4.635 0.00918385511021478
4.6375 0.010186021978836536
4.64 0.01117341634136264
4.6425 0.01214520845078824
4.6450000000000005 0.013100964181110357
4.6475 0.014038751892971256
4.65 0.014959295048107666
4.6525 0.01586036338622107
4.655 0.0167426598236076
4.6575 0.01760405465615977
4.66 0.018444895821342115
4.6625000000000005 0.019264480536347734
4.665 0.020061183252456875
4.6675 0.020835645370130766
4.67 0.021586017712891457
4.6725 0.022312913286617993
4.675 0.023014605610431116
4.6775 0.023691411684766326
4.68 0.02434252985815561
4.6825 0.02496746896231236
4.6850000000000005 0.025565996836038843
4.6875 0.026136971017345863
4.69 0.026680890241102477
4.6925 0.027196495810574338
4.695 0.027684250090641002
4.6975 0.028143036895570576
4.7 0.02857311460790016
4.7025 0.028974011156852164
4.705 0.0293454708118817
4.7075000000000005 0.029687395741254716
4.71 0.029999192346848683
4.7125 0.03028118561430764
4.715 0.030532778008488446
4.7175 0.030754252994493428
4.72 0.03094516465542264
4.7225 0.031105696095234957
4.7250000000000005 0.031235773781914014
4.7275 0.03133525034259826
4.73 0.03140430259271395
4.7325 0.031442864759001064
4.735 0.03145107026748725
4.7375 0.03142900441937886
4.74 0.031376783971099755
4.7425 0.031294563230750826
4.745 0.031182519919145762
4.7475000000000005 0.03104079513869852
4.75 0.030869805905898075
4.7525 0.030669533375019178
4.755 0.030440577470978093
4.7575 0.0301828763631736
4.76 0.02989717087358536
4.7625 0.029583487696468357
4.765 0.029242311928965627
4.7675 0.028874043120096657
4.7700000000000005 0.02847894028488008
4.7725 0.02805793771475249
4.775 0.02761082810657633
4.7775 0.027138813904819977
4.78 0.02664164825375041
4.7825 0.026120654672187306
4.785 0.02557577051327464
4.7875000000000005 0.025007535212867603
4.79 0.024417230114832954
4.7925 0.023804514764875828
4.795 0.023170990262045783
4.7975 0.022516281152247186
4.8 0.021842088596378085
4.8025 0.02114828501035509
4.805 0.020435820965371197
4.8075 0.01970539539427909
4.8100000000000005 0.018957418319504534
4.8125 0.018193522293476455
4.815 0.017413222406505238
4.8175 0.016618515098067554
4.82 0.01580888832128383
4.8225 0.01498640615423924
4.825 0.014150868068790103
4.8275 0.013303388001172315
4.83 0.012444761247199412
4.8325000000000005 0.011575440649659915
4.835 0.010697283609944168
4.8375 0.009809699313692242
4.84 0.008914926123523636
4.8425 0.008012355621231282
4.845 0.0071042576257092736
4.8475 0.006190374915575018
4.8500000000000005 0.0052715327045085155
4.8525 0.0043496679327742266
4.855 0.003424138200647825
4.8575 0.0024972556874307333
4.86 0.0015683684959340964
4.8625 6.39791234326277E-4
4.865 -2.887638883396362E-4
4.8675 -0.0012161017703237501
4.87 -0.0021414028801072954
4.8725000000000005 -0.0030642207253789256
4.875 -0.003982641056771359
4.8775 -0.004897330310906651
4.88 -0.005806029642528611
4.8825 -0.006709404307915666
4.885 -0.007605229282813542
4.8875 -0.008493812490959035
4.89 -0.009374031818733034
4.8925 -0.010245135216169635
4.8950000000000005 -0.011106723868288263
4.8975 -0.011957040674636208
4.9 -0.012796728529437501
4.9025 -0.013623739706192529
4.905 -0.014438705662572524
4.9075 -0.01523964520337859
4.91 -0.016026864210524353
4.9125000000000005 -0.016799696536167256
4.915 -0.017556590722865643
4.9175 -0.018298140378095757
4.92 -0.019022558651118904
4.9225 -0.019730420486486502
4.925 -0.020420027133479905
4.9275 -0.021091668043310547
4.93 -0.021744532768411387
4.9325 -0.022378109018082834
4.9350000000000005 -0.02299214501514614
4.9375 -0.023585442387791384
4.94 -0.024158496412143876
4.9425 -0.02470995673948997
4.945 -0.025240292170657177
4.9475 -0.025748261737848343
4.95 -0.026234116475793486
4.9525 -0.026697297901643657
4.955 -0.02713747667568665
4.9575000000000005 -0.027554507178203295
4.96 -0.027947617483419753
4.9625 -0.028317172940322387
4.965 -0.028662341092400737
4.9675 -0.028983455121393626
4.97 -0.029279804821120213
4.9725 -0.029551586515015254
4.9750000000000005 -0.029798618928217432
4.9775 -0.030020491823227663
4.98 -0.030217454125658343
4.9825 -0.030389107439304477
4.985 -0.030535665782733576
4.9875 -0.03065685676822322
4.99 -0.030752825680536233
4.9925 -0.0308235261877257
4.995 -0.03086898800231715
4.9975000000000005 -0.030889266304951077
